Rehashing 
[0000051]                      0.000
Rehashing 
[0000100]                      1.000
Rehashing 
[0000210]                      0.000
Rehashing 
[0000416]                      0.000
          [0000629]        2.000
Rehashing 
[0000830]                      0.000
          [0001223]        1.001
Rehashing 
[0001694]                      1.000
          [0001962]        2.000
          [0002310]        1.000
          [0002618]        1.000
Rehashing 
[0003351]                      2.000
          [0003547]        4.000
          [0003881]        1.000
          [0004176]        1.000
          [0004415]        1.000
          [0004620]        1.000
          [0004812]        1.000
          [0004988]        1.000
          [0005154]        1.000
          [0005323]        1.000
          [0005464]        2.001
Rehashing 
[0006732]                      7.000
          [0006860]        8.000
          [0007037]        1.000
          [0007180]        1.000
          [0007322]        1.000
          [0007457]        1.000
          [0007596]        1.000
          [0007707]        1.000
          [0007835]        1.000
          [0007937]        1.000
          [0008043]        2.001
          [0008142]        1.000
          [0008232]        1.000
          [0008321]        1.000
          [0008399]        1.000
          [0008461]        1.000
          [0008524]        1.000
          [0008592]        1.000
          [0008661]        1.000
          [0008735]        2.000
          [0008792]        1.000
          [0008841]        1.000
          [0008890]        2.000
          [0008931]        2.000
          [0008976]        1.001
          [0009032]        2.000
          [0009071]        2.000
          [0009115]        1.000
          [0009157]        2.000
          [0009195]        1.000
          [0009226]        1.000
          [0009264]        1.000
          [0009292]        1.000
          [0009327]        1.000
          [0009361]        2.000
          [0009393]        1.000
          [0009430]        1.000
          [0009478]        1.001
          [0009497]        1.000
          [0009527]        1.000
          [0009546]        1.000
          [0009570]        1.000
          [0009590]        1.000
          [0009610]        2.000
          [0009633]        1.000
          [0009658]        1.000
          [0009679]        1.000
          [0009700]        1.000
          [0009722]        1.000
          [0009748]        1.000
          [0009768]        1.000
          [0009791]        1.000
          [0009812]        1.000
          [0009827]        2.001
          [0009848]        1.000
          [0009871]        1.000
          [0009887]        1.000
          [0009911]        1.000
          [0009934]        1.000
          [0009950]        1.000
          [0009968]        1.000
          [0009985]        1.000
          [0010004]        1.000
          [0010020]        2.000
          [0010033]        1.000
          [0010046]        2.000
          [0010061]        1.000
          [0010077]        1.000
          [0010093]        2.001
          [0010109]        2.000
          [0010120]        2.000
          [0010131]        1.000
          [0010143]        1.000
          [0010152]        1.000
          [0010163]        1.000
          [0010179]        2.000
          [0010195]        1.000
          [0010214]        1.000
          [0010229]        1.000
          [0010240]        1.000
          [0010257]        1.000
          [0010265]        1.000
          [0010279]        1.001
          [0010294]        1.000
          [0010301]        1.000
          [0010308]        2.000
          [0010320]        1.000
          [0010330]        1.000
          [0010342]        1.000
          [0010353]        1.000
          [0010365]        1.000
          [0010378]        1.000
          [0010388]        1.000
          [0010407]        1.000
          [0010418]        1.000
          [0010436]        2.000
          [0010446]        1.000
          [0010452]        1.001
          [0010453]        1.000
          [0010461]        1.000
          [0010470]        1.000
          [0010477]        1.000
          [0010486]        1.000
          [0010498]        1.000
          [0010509]        2.000
          [0010523]        1.000
          [0010536]        1.000
          [0010545]        1.000
          [0010555]        2.000
          [0010563]        2.000
          [0010570]        1.000
          [0010581]        1.000
          [0010590]        2.001
          [0010604]        1.000
          [0010614]        1.000
          [0010623]        1.000
          [0010634]        1.000
          [0010645]        1.000
          [0010656]        1.000
          [0010665]        1.000
          [0010669]        1.000
          [0010679]        2.000
          [0010690]        1.000
          [0010699]        1.000
          [0010707]        1.000
          [0010718]        1.000
          [0010725]        1.000
          [0010732]        1.001
          [0010737]        1.000
          [0010746]        1.000
          [0010755]        2.000
          [0010767]        1.000
          [0010774]        1.000
          [0010783]        1.000
          [0010788]        1.000
          [0010798]        1.000
          [0010805]        1.000
          [0010809]        1.000
          [0010817]        1.000
          [0010827]        2.000
          [0010834]        1.000
          [0010849]        1.000
          [0010857]        1.000
          [0010869]        1.001
          [0010872]        1.000
          [0010875]        1.000
          [0010881]        1.000
          [0010886]        1.000
          [0010898]        1.000
          [0010900]        2.000
          [0010907]        1.000
          [0010913]        1.000
          [0010917]        1.000
          [0010927]        1.000
          [0010934]        1.000
          [0010943]        1.000
          [0010949]        1.000
          [0010953]        1.000
          [0010959]        2.001
          [0010962]        1.000
          [0010970]        1.000
          [0010977]        1.000
          [0010985]        1.000
          [0010989]        1.000
          [0010994]        1.000
          [0010999]        1.000
          [0011007]        1.000
Rehashing 
[0013459]                     72.004
          [0013465]       75.004
          [0013472]        2.000
          [0013481]        2.001
          [0013485]        1.000
          [0013494]        2.000
          [0013506]        2.000
          [0013513]        2.000
          [0013521]        2.000
          [0013529]        1.000
          [0013535]        2.000
          [0013541]        1.000
          [0013549]        1.000
          [0013556]        1.000
          [0013561]        1.000
          [0013575]        1.000
          [0013584]        1.001
          [0013592]        1.000
          [0013599]        1.000
          [0013602]        2.000
          [0013611]        1.000
          [0013618]        1.000
          [0013624]        1.000
          [0013627]        1.000
          [0013629]        2.000
          [0013639]        2.000
          [0013653]        1.000
          [0013661]        2.000
          [0013667]        1.000
          [0013674]        1.001
          [0013686]        1.000
          [0013696]        2.000
          [0013703]        1.000
          [0013705]        1.000
          [0013714]        2.000
          [0013720]        2.000
          [0013727]        2.000
          [0013731]        2.000
          [0013738]        1.000
          [0013740]        2.000
          [0013744]        1.000
          [0013748]        1.001
          [0013751]        1.000
          [0013763]        1.000
          [0013765]        2.000
          [0013772]        1.000
          [0013782]        1.000
          [0013788]        1.000
          [0013793]        1.000
          [0013796]        1.000
          [0013807]        1.000
          [0013811]        1.000
          [0013820]        1.000
          [0013824]        2.000
          [0013829]        1.000
          [0013833]        1.000
          [0013840]        1.001
          [0013848]        1.000
          [0013852]        1.000
          [0013858]        1.000
          [0013865]        1.000
          [0013873]        1.000
          [0013875]        1.000
          [0013878]        2.000
          [0013883]        1.000
          [0013889]        1.000
          [0013899]        2.000
          [0013908]        2.000
          [0013910]        1.000
          [0013914]        1.000
          [0013921]        1.000
          [0013925]        2.001
          [0013929]        2.000
          [0013932]        2.000
          [0013937]        1.000
          [0013945]        2.000
          [0013951]        2.000
          [0013956]        2.000
          [0013962]        2.000
          [0013969]        2.000
          [0013978]        2.001
          [0013981]        2.000
          [0013988]        2.000
          [0013995]        2.000
          [0013999]        1.000
          [0014002]        2.000
          [0014010]        1.000
          [0014012]        1.000
          [0014016]        1.000
          [0014019]        1.000
          [0014026]        2.000
          [0014031]        1.000
          [0014036]        1.001
          [0014040]        1.000
          [0014045]        1.000
          [0014048]        1.000
          [0014054]        1.000
          [0014065]        1.000
          [0014068]        1.000
          [0014068]        2.000
          [0014072]        1.000
          [0014073]        1.000
          [0014080]        1.000
          [0014088]        2.000
          [0014093]        2.000
          [0014099]        2.001
          [0014107]        2.000
          [0014108]        2.000
          [0014110]        2.000
          [0014117]        1.000
          [0014122]        2.000
          [0014128]        1.000
          [0014132]        1.000
          [0014135]        1.000
          [0014140]        1.000
          [0014144]        1.000
          [0014147]        1.000
          [0014152]        1.000
          [0014155]        1.000
          [0014160]        2.001
          [0014168]        1.000
          [0014171]        1.000
          [0014174]        1.000
          [0014179]        1.000
          [0014183]        1.000
          [0014188]        1.000
          [0014195]        1.000
          [0014197]        2.000
          [0014202]        1.000
          [0014205]        1.000
          [0014206]        1.000
          [0014211]        1.000
          [0014213]        1.000
          [0014217]        1.000
          [0014220]        1.001
          [0014230]        2.000
          [0014233]        1.000
          [0014238]        1.000
          [0014245]        1.000
          [0014248]        1.000
          [0014255]        1.000
          [0014263]        2.000
          [0014267]        2.000
          [0014273]        2.000
          [0014275]        2.000
          [0014278]        2.000
          [0014281]        2.001
          [0014281]        2.000
          [0014282]        2.000
          [0014286]        2.000
          [0014288]        2.000
          [0014292]        1.000
          [0014293]        2.000
          [0014293]        2.000
          [0014294]        2.000
          [0014299]        2.001
          [0014302]        1.000
          [0014307]        1.000
          [0014314]        1.000
          [0014317]        1.000
          [0014318]        1.000
          [0014320]        2.000
          [0014324]        1.000
          [0014326]        1.000
          [0014330]        1.000
          [0014334]        1.000
          [0014338]        1.000
          [0014344]        1.000
          [0014346]        1.000
          [0014352]        1.000
          [0014357]        1.000
          [0014363]        2.001
          [0014366]        1.000
          [0014369]        2.000
          [0014371]        2.000
          [0014377]        2.000
          [0014381]        2.000
          [0014389]        2.000
          [0014392]        2.000
          [0014396]        2.000
          [0014401]        1.001
          [0014405]        1.000
          [0014410]        1.000
          [0014412]        1.000
          [0014415]        1.000
          [0014422]        1.000
          [0014424]        1.000
          [0014432]        2.000
          [0014436]        1.000
          [0014442]        1.000
          [0014446]        1.000
          [0014449]        1.000
          [0014452]        1.000
          [0014457]        1.000
          [0014464]        1.000
          [0014470]        1.000
          [0014474]        2.001
          [0014478]        1.000
          [0014480]        1.000
          [0014481]        1.000
          [0014485]        1.000
          [0014488]        1.000
          [0014491]        1.000
          [0014497]        1.000
          [0014501]        1.000
          [0014503]        1.000
          [0014507]        1.000
          [0014512]        1.000
          [0014517]        1.000
          [0014519]        2.000
          [0014525]        2.001
          [0014527]        2.000
          [0014528]        2.000
          [0014535]        2.000
          [0014542]        2.000
          [0014543]        2.000
          [0014544]        2.000
          [0014548]        1.000
          [0014550]        1.000
          [0014553]        2.000
          [0014559]        2.001
          [0014564]        2.000
          [0014566]        2.000
          [0014572]        2.000
          [0014575]        1.000
          [0014580]        2.000
          [0014581]        1.000
          [0014585]        1.000
          [0014591]        1.000
          [0014597]        2.000
          [0014600]        1.000
          [0014604]        2.001
          [0014607]        2.000
          [0014608]        1.000
          [0014613]        2.000
          [0014620]        2.000
          [0014623]        1.000
          [0014628]        1.000
          [0014630]        1.000
          [0014631]        1.000
          [0014638]        1.000
          [0014640]        1.000
          [0014645]        1.000
          [0014650]        2.000
          [0014653]        1.000
          [0014657]        1.001
          [0014664]        1.000
          [0014665]        1.000
          [0014672]        1.000
          [0014673]        1.000
          [0014675]        1.000
          [0014679]        1.000
          [0014679]        1.000
          [0014685]        2.000
          [0014691]        1.000
          [0014696]        1.000
          [0014700]        1.000
          [0014707]        1.000
          [0014713]        1.000
          [0014716]        1.000
          [0014720]        1.000
          [0014726]        1.001
          [0014726]        2.000
          [0014731]        1.000
          [0014736]        1.000
          [0014740]        1.000
          [0014741]        1.000
          [0014743]        1.000
          [0014746]        1.000
          [0014752]        1.000
          [0014753]        1.000
          [0014758]        2.000
          [0014759]        1.000
          [0014762]        1.000
          [0014764]        1.000
          [0014765]        1.000
          [0014767]        1.000
          [0014768]        1.001
          [0014770]        1.000
          [0014770]        2.000
          [0014775]        1.000
          [0014780]        1.000
          [0014783]        1.000
          [0014788]        1.000
          [0014790]        1.000
          [0014794]        1.000
          [0014796]        1.000
          [0014800]        1.000
          [0014803]        1.000
          [0014807]        2.000
          [0014809]        1.000
          [0014809]        1.000
          [0014810]        1.001
          [0014811]        1.000
          [0014813]        1.000
          [0014818]        1.000
          [0014820]        1.000
          [0014824]        2.000
          [0014825]        1.000
          [0014830]        1.000
          [0014831]        1.000
          [0014833]        1.000
          [0014838]        1.000
          [0014843]        1.000
          [0014846]        1.000
          [0014850]        1.000
          [0014853]        1.000
          [0014854]        2.000
          [0014856]        1.001
          [0014857]        1.000
          [0014858]        1.000
          [0014861]        1.000
          [0014863]        2.000
          [0014863]        1.000
          [0014866]        1.000
          [0014868]        1.000
          [0014870]        1.000
          [0014872]        1.000
          [0014875]        1.000
          [0014877]        2.000
          [0014879]        2.000
          [0014881]        2.001
          [0014883]        2.000
          [0014886]        2.000
          [0014888]        2.000
          [0014888]        1.000
          [0014889]        2.000
          [0014891]        2.000
          [0014892]        2.000
          [0014894]        2.000
          [0014897]        1.000
          [0014900]        1.000
          [0014903]        1.001
          [0014903]        1.000
          [0014905]        1.000
          [0014906]        1.000
          [0014909]        2.000
          [0014910]        1.000
          [0014914]        1.000
          [0014915]        1.000
          [0014921]        1.000
          [0014922]        1.000
          [0014922]        1.000
          [0014924]        1.000
          [0014929]        1.000
          [0014933]        1.000
          [0014937]        2.000
          [0014939]        1.001
          [0014944]        1.000
          [0014945]        1.000
          [0014947]        1.000
          [0014950]        1.000
          [0014951]        1.000
          [0014955]        1.000
          [0014956]        1.000
          [0014960]        1.000
          [0014961]        2.000
          [0014963]        1.000
          [0014966]        1.000
          [0014969]        1.000
          [0014974]        1.000
          [0014976]        1.000
          [0014978]        1.000
          [0014980]        1.001
          [0014981]        1.000
          [0014983]        1.000
          [0014986]        2.000
          [0014989]        1.000
          [0014992]        1.000
          [0014993]        1.000
          [0014994]        1.000
          [0014994]        1.000
          [0014994]        1.000
          [0014998]        1.000
          [0014998]        1.000
          [0015000]        1.000
          [0015000]        1.000
          [0015002]        2.000
          [0015003]        1.000
          [0015008]        1.001
          [0015008]        1.000
          [0015009]        1.000
          [0015013]        1.000
          [0015020]        1.000
          [0015022]        1.000
          [0015025]        1.000
          [0015030]        1.000
          [0015031]        2.000
          [0015035]        1.000
          [0015038]        1.000
          [0015042]        1.000
          [0015044]        1.000
          [0015045]        1.000
          [0015047]        1.000
          [0015050]        1.000
          [0015054]        1.001
          [0015055]        2.000
          [0015058]        1.000
          [0015058]        2.000
          [0015061]        2.000
          [0015064]        1.000
          [0015065]        2.000
          [0015068]        2.000
          [0015071]        2.000
          [0015075]        2.000
          [0015077]        2.001
          [0015079]        2.000
          [0015081]        2.000
          [0015086]        2.000
          [0015086]        1.000
          [0015089]        1.000
          [0015094]        1.000
          [0015095]        1.000
          [0015096]        1.000
          [0015098]        1.000
          [0015099]        1.000
          [0015103]        1.000
          [0015104]        2.000
          [0015106]        1.001
          [0015109]        1.000
          [0015110]        1.000
          [0015112]        1.000
          [0015113]        1.000
          [0015114]        2.000
          [0015114]        2.000
          [0015117]        2.000
          [0015119]        2.000
          [0015120]        1.000
          [0015122]        2.000
          [0015123]        2.000
          [0015125]        2.001
          [0015129]        2.000
          [0015129]        1.000
          [0015130]        1.000
          [0015131]        1.000
          [0015131]        1.000
          [0015132]        1.000
          [0015133]        2.000
          [0015133]        1.000
          [0015134]        1.000
          [0015137]        1.000
          [0015137]        1.000
          [0015139]        1.000
          [0015142]        1.000
          [0015146]        2.001
          [0015146]        1.000
          [0015149]        1.000
          [0015150]        1.000
          [0015153]        1.000
          [0015155]        1.000
          [0015161]        1.000
          [0015164]        1.000
          [0015166]        1.000
          [0015167]        2.000
          [0015171]        1.000
          [0015172]        1.000
          [0015174]        1.000
          [0015178]        1.000
          [0015180]        1.000
          [0015182]        1.000
          [0015184]        1.001
          [0015185]        1.000
          [0015188]        2.000
          [0015191]        1.000
          [0015193]        1.000
          [0015196]        1.000
          [0015199]        1.000
          [0015202]        2.000
          [0015204]        2.000
          [0015205]        2.000
          [0015209]        2.000
          [0015211]        2.001
          [0015211]        2.000
          [0015214]        2.000
          [0015216]        2.000
          [0015217]        1.000
          [0015220]        1.000
          [0015223]        1.000
          [0015225]        2.000
          [0015228]        1.000
          [0015233]        1.000
          [0015235]        1.000
          [0015236]        1.000
          [0015238]        1.000
          [0015243]        1.000
          [0015244]        1.001
          [0015246]        1.000
          [0015247]        2.000
          [0015248]        1.000
          [0015249]        1.000
          [0015251]        1.000
          [0015251]        1.000
          [0015252]        1.000
          [0015254]        1.000
          [0015257]        1.000
          [0015260]        1.000
          [0015262]        2.000
          [0015264]        1.000
          [0015267]        1.000
          [0015269]        1.000
          [0015271]        1.001
          [0015272]        1.000
          [0015276]        2.000
          [0015276]        2.000
          [0015277]        2.000
          [0015278]        2.000
          [0015279]        1.000
          [0015279]        2.000
          [0015281]        2.000
          [0015283]        1.000
          [0015285]        1.000
          [0015286]        1.000
          [0015288]        1.001
          [0015292]        1.000
          [0015293]        1.000
          [0015296]        1.000
          [0015300]        2.000
          [0015301]        1.000
          [0015304]        1.000
          [0015305]        1.000
          [0015305]        1.000
          [0015308]        1.000
          [0015310]        1.000
          [0015313]        1.000
          [0015314]        1.000
          [0015317]        1.000
          [0015320]        2.000
          [0015321]        1.001
          [0015321]        2.000
          [0015322]        2.000
          [0015325]        2.000
          [0015326]        1.000
          [0015327]        2.000
          [0015327]        2.000
          [0015329]        2.000
          [0015332]        3.000
          [0015332]        3.001
          [0015333]        2.000
          [0015338]        2.000
          [0015340]        3.000
          [0015341]        1.000
          [0015342]        2.000
          [0015343]        2.000
          [0015344]        2.000
          [0015346]        2.001
          [0015350]        2.000
          [0015352]        3.000
          [0015355]        3.000
          [0015359]        2.000
          [0015360]        2.000
          [0015363]        1.000
          [0015366]        1.000
          [0015368]        2.000
          [0015369]        1.000
          [0015369]        1.001
          [0015371]        1.000
          [0015373]        1.000
          [0015373]        1.000
          [0015377]        1.000
          [0015378]        1.000
          [0015380]        1.000
          [0015382]        2.000
          [0015382]        1.000
          [0015383]        1.000
          [0015384]        1.000
          [0015389]        1.000
          [0015391]        1.000
          [0015392]        1.000
          [0015393]        1.000
          [0015393]        2.001
          [0015396]        1.000
          [0015397]        1.000
          [0015398]        1.000
          [0015398]        1.000
          [0015401]        1.000
          [0015404]        1.000
          [0015404]        2.000
          [0015409]        1.000
          [0015409]        1.000
          [0015411]        1.000
          [0015412]        1.000
          [0015412]        1.000
          [0015412]        1.000
          [0015413]        1.000
          [0015413]        1.000
          [0015413]        2.001
          [0015413]        1.000
          [0015416]        1.000
          [0015417]        1.000
          [0015419]        1.000
          [0015420]        1.000
          [0015420]        1.000
          [0015421]        1.000
          [0015421]        1.000
          [0015421]        2.000
          [0015422]        1.000
          [0015424]        1.000
          [0015425]        1.000
          [0015426]        1.000
          [0015427]        1.000
          [0015430]        1.000
          [0015431]        1.001
          [0015432]        1.000
          [0015432]        2.000
          [0015434]        1.000
          [0015435]        1.000
          [0015436]        1.000
          [0015438]        1.000
          [0015438]        1.000
          [0015438]        1.000
          [0015441]        1.000
          [0015441]        1.000
          [0015443]        1.000
          [0015444]        1.000
          [0015447]        1.000
          [0015448]        1.000
          [0015449]        1.000
          [0015450]        1.001
          [0015451]        1.000
          [0015451]        1.000
          [0015452]        1.000
          [0015455]        1.000
          [0015455]        2.000
          [0015458]        1.000
          [0015460]        1.000
          [0015460]        1.000
          [0015461]        1.000
          [0015462]        1.000
          [0015464]        1.000
          [0015465]        1.000
          [0015468]        1.000
          [0015468]        2.000
          [0015468]        1.001
          [0015472]        1.000
          [0015472]        1.000
          [0015474]        1.000
          [0015474]        2.000
          [0015475]        2.000
          [0015475]        2.000
          [0015476]        1.000
          [0015477]        2.000
          [0015477]        1.000
          [0015479]        1.000
          [0015482]        2.000
          [0015483]        2.001
          [0015484]        2.000
          [0015485]        2.000
          [0015485]        2.000
          [0015485]        2.000
          [0015485]        2.000
          [0015485]        1.000
          [0015485]        2.000
          [0015485]        1.000
          [0015488]        1.000
          [0015489]        1.000
          [0015489]        1.001
          [0015491]        1.000
          [0015495]        1.000
          [0015496]        1.000
          [0015496]        2.000
          [0015497]        1.000
          [0015499]        1.000
          [0015499]        1.000
          [0015502]        1.000
          [0015504]        1.000
          [0015504]        1.000
          [0015504]        1.000
          [0015506]        1.000
          [0015507]        2.000
          [0015510]        1.000
          [0015512]        1.000
          [0015515]        1.001
          [0015516]        1.000
          [0015517]        1.000
          [0015517]        1.000
          [0015519]        1.000
          [0015520]        1.000
          [0015520]        1.000
          [0015522]        2.000
          [0015523]        2.000
          [0015524]        1.000
          [0015525]        2.000
          [0015527]        1.000
          [0015528]        1.000
          [0015530]        1.000
          [0015531]        2.001
          [0015532]        1.000
          [0015534]        1.000
          [0015536]        1.000
          [0015537]        1.000
          [0015538]        1.000
          [0015540]        1.000
          [0015540]        1.000
          [0015540]        1.000
          [0015540]        2.000
          [0015541]        1.000
          [0015542]        1.000
          [0015544]        1.000
          [0015545]        1.000
          [0015545]        2.000
          [0015547]        1.001
          [0015549]        1.000
          [0015549]        1.000
          [0015550]        1.000
          [0015551]        1.000
          [0015553]        1.000
          [0015555]        1.000
          [0015556]        1.000
          [0015558]        1.000
          [0015559]        2.000
          [0015560]        1.000
          [0015563]        1.000
          [0015565]        1.000
          [0015566]        1.000
          [0015566]        1.000
          [0015567]        1.000
          [0015570]        1.001
          [0015572]        1.000
          [0015574]        2.000
          [0015575]        1.000
          [0015577]        1.000
          [0015580]        1.000
          [0015582]        1.000
          [0015585]        1.000
          [0015587]        1.000
          [0015587]        1.000
          [0015589]        1.000
          [0015589]        1.000
          [0015592]        1.000
          [0015592]        2.000
          [0015592]        1.000
          [0015593]        1.000
          [0015594]        1.001
          [0015594]        1.000
          [0015594]        1.000
          [0015594]        1.000
          [0015596]        1.000
          [0015597]        2.000
          [0015597]        1.000
          [0015599]        1.000
          [0015601]        1.000
          [0015601]        1.000
          [0015601]        1.000
          [0015601]        1.000
          [0015602]        1.000
          [0015604]        1.000
          [0015605]        1.000
          [0015605]        2.001
          [0015606]        1.000
          [0015606]        1.000
          [0015607]        1.000
          [0015611]        1.000
          [0015614]        1.000
          [0015615]        1.000
          [0015617]        1.000
          [0015621]        1.000
          [0015625]        2.000
          [0015625]        1.000
          [0015626]        1.000
          [0015627]        1.000
          [0015627]        1.000
          [0015629]        1.000
          [0015633]        1.000
          [0015634]        1.001
          [0015636]        1.000
          [0015637]        1.000
          [0015638]        2.000
          [0015638]        1.000
          [0015639]        1.000
          [0015642]        1.000
          [0015643]        1.000
          [0015644]        1.000
          [0015644]        1.000
          [0015646]        1.000
          [0015648]        1.000
          [0015650]        2.000
          [0015650]        1.000
          [0015652]        1.000
          [0015652]        1.000
          [0015652]        1.001
          [0015652]        1.000
          [0015654]        1.000
          [0015654]        1.000
          [0015657]        1.000
          [0015659]        1.000
          [0015659]        2.000
          [0015659]        1.000
          [0015659]        1.000
          [0015660]        1.000
          [0015660]        1.000
          [0015660]        1.000
          [0015662]        1.000
          [0015662]        1.000
          [0015664]        1.000
          [0015664]        1.000
          [0015664]        2.001
          [0015665]        1.000
          [0015666]        1.000
          [0015670]        1.000
          [0015672]        1.000
          [0015672]        1.000
          [0015673]        1.000
          [0015675]        1.000
          [0015677]        2.000
          [0015677]        1.000
          [0015678]        1.000
          [0015678]        1.000
          [0015680]        1.000
          [0015681]        1.000
          [0015682]        1.000
          [0015685]        1.000
          [0015685]        1.001
          [0015685]        2.000
          [0015685]        1.000
          [0015687]        1.000
          [0015688]        1.000
          [0015688]        1.000
          [0015689]        1.000
          [0015689]        1.000
          [0015689]        1.000
          [0015691]        1.000
          [0015692]        2.000
          [0015693]        1.000
          [0015693]        1.000
          [0015695]        1.000
          [0015695]        1.000
          [0015696]        2.001
          [0015696]        1.000
          [0015697]        1.000
          [0015698]        1.000
          [0015700]        1.000
          [0015701]        1.000
          [0015703]        1.000
          [0015704]        1.000
          [0015706]        2.000
          [0015707]        1.000
          [0015708]        2.000
          [0015709]        2.000
          [0015710]        2.000
          [0015710]        1.001
          [0015710]        2.000
          [0015711]        2.000
          [0015711]        2.000
          [0015711]        2.000
          [0015711]        2.000
          [0015712]        2.000
          [0015714]        1.000
          [0015715]        1.000
          [0015716]        2.000
          [0015717]        1.001
          [0015718]        1.000
          [0015719]        1.000
          [0015720]        1.000
          [0015721]        1.000
          [0015721]        1.000
          [0015723]        1.000
          [0015724]        2.000
          [0015725]        1.000
          [0015725]        1.000
          [0015725]        1.000
          [0015727]        1.000
          [0015728]        1.000
          [0015728]        1.000
          [0015729]        1.000
          [0015729]        1.000
          [0015729]        1.000
          [0015729]        2.001
          [0015729]        1.000
          [0015732]        1.000
          [0015734]        1.000
          [0015735]        1.000
          [0015736]        1.000
          [0015737]        1.000
          [0015740]        1.000
          [0015741]        1.000
          [0015743]        2.000
          [0015745]        2.000
          [0015747]        1.000
          [0015748]        2.000
          [0015748]        2.001
          [0015749]        2.000
          [0015749]        2.000
          [0015751]        2.000
          [0015753]        2.000
          [0015753]        2.000
          [0015755]        2.000
          [0015755]        2.000
          [0015756]        2.000
          [0015759]        2.001
          [0015759]        1.000
          [0015761]        2.000
          [0015762]        2.000
          [0015762]        1.000
          [0015762]        2.000
          [0015763]        1.000
          [0015765]        1.000
          [0015768]        1.000
          [0015769]        1.000
          [0015769]        1.000
          [0015771]        1.000
          [0015771]        1.000
          [0015771]        1.001
          [0015772]        2.000
          [0015772]        1.000
          [0015772]        1.000
          [0015772]        1.000
          [0015773]        1.000
          [0015773]        1.000
          [0015774]        1.000
          [0015776]        1.000
          [0015776]        2.000
          [0015776]        2.000
          [0015779]        2.000
          [0015780]        2.000
          [0015781]        2.001
          [0015785]        2.000
          [0015786]        1.000
          [0015786]        2.000
          [0015787]        2.000
          [0015788]        2.000
          [0015790]        2.000
          [0015790]        2.000
          [0015791]        2.000
          [0015791]        2.001
          [0015791]        1.000
          [0015792]        1.000
          [0015793]        1.000
          [0015793]        1.000
          [0015795]        1.000
          [0015797]        1.000
          [0015799]        1.000
          [0015802]        2.000
          [0015802]        1.000
          [0015803]        2.000
          [0015804]        2.000
          [0015805]        2.000
          [0015806]        2.001
          [0015807]        2.000
          [0015809]        2.000
          [0015814]        2.000
          [0015814]        2.000
          [0015814]        2.000
          [0015815]        2.000
          [0015816]        2.000
          [0015816]        2.001
          [0015816]        1.000
          [0015816]        2.000
          [0015816]        2.000
          [0015816]        2.000
          [0015816]        2.000
          [0015817]        2.000
          [0015817]        2.000
          [0015818]        2.000
          [0015819]        2.000
          [0015819]        1.001
          [0015820]        1.000
          [0015821]        1.000
          [0015822]        2.000
          [0015823]        1.000
          [0015825]        1.000
          [0015825]        1.000
          [0015825]        1.000
          [0015827]        1.000
          [0015828]        1.000
          [0015830]        1.000
          [0015832]        1.000
          [0015834]        2.000
          [0015834]        1.000
          [0015838]        1.000
          [0015838]        1.001
          [0015839]        1.000
          [0015839]        1.000
          [0015839]        1.000
          [0015839]        1.000
          [0015841]        1.000
          [0015843]        2.000
          [0015844]        2.000
          [0015844]        2.000
          [0015844]        2.000
          [0015844]        2.000
          [0015844]        2.000
          [0015846]        1.001
          [0015848]        1.000
          [0015848]        1.000
          [0015848]        1.000
          [0015850]        1.000
          [0015852]        1.000
          [0015852]        1.000
          [0015855]        1.000
          [0015857]        1.000
          [0015857]        1.000
          [0015858]        1.000
          [0015859]        1.000
          [0015859]        1.000
          [0015859]        1.000
          [0015860]        1.000
          [0015860]        1.000
          [0015860]        1.001
          [0015863]        1.000
          [0015865]        2.000
          [0015866]        1.000
          [0015867]        1.000
          [0015869]        1.000
          [0015870]        1.000
          [0015872]        1.000
          [0015872]        1.000
          [0015873]
[FIM]
