Rehashing 
[0000050]                      0.000
Rehashing 
[0000100]                      1.000
Rehashing 
[0000199]                      2.000
Rehashing 
[0000386]                      3.000
Rehashing 
[0000794]                      7.001
          [0000856]       23.001
Rehashing 
[0001565]                     14.001
          [0001696]       22.001
          [0002383]        8.001
Rehashing 
[0003140]                     28.001
          [0003431]       36.002
          [0004141]        8.000
          [0004782]        8.001
          [0005392]        8.000
Rehashing 
[0006293]                     58.003
          [0006865]       66.004
          [0007551]        8.000
          [0008244]        8.001
          [0008920]        8.000
          [0009556]        8.001
          [0010162]        8.000
          [0010747]        8.001
Rehashing 
[0012544]                    130.007
          [0012972]      142.008
          [0013688]       11.000
          [0014382]        8.001
          [0015106]       10.000
          [0015792]       14.001
          [0016479]        9.001
          [0017139]        8.000
          [0017807]        8.001
          [0018436]       11.000
          [0019061]       14.001
          [0019665]       13.001
          [0020263]        8.000
          [0020886]       10.001
          [0021477]       14.001
Rehashing 
[0025120]                    230.013
          [0025168]      240.013
          [0025925]        8.001
          [0026647]       10.000
          [0027373]       12.001
          [0028142]       13.001
          [0028887]        9.000
          [0029588]        8.001
          [0030294]        8.000
          [0031018]        8.001
          [0031729]        9.000
          [0032410]       14.001
          [0033083]       10.001
          [0033767]        8.000
          [0034435]        8.000
          [0035081]        8.001
          [0035720]        8.000
          [0036347]        8.001
          [0036988]        8.000
          [0037631]       10.001
          [0038233]       13.001
          [0038868]        8.000
          [0039495]        8.000
          [0040097]        8.001
          [0040702]        9.000
          [0041288]        8.001
          [0041887]        7.000
          [0042486]        9.001
          [0043076]        8.000
          [0043668]        8.001
Rehashing 
[0050291]                    541.031
          [0050545]      551.031
          [0051298]        9.001
          [0052059]       10.000
          [0052833]       11.001
          [0053580]       13.001
          [0054312]        9.000
          [0055043]       12.001
          [0055757]       12.001
          [0056494]       13.000
          [0057223]       14.001
          [0057945]       12.001
          [0058655]       11.000
          [0059345]       12.001
          [0060058]        8.001
          [0060747]        9.000
          [0061429]        8.001
          [0062136]        8.000
          [0062799]        8.001
          [0063489]        8.000
          [0064178]        8.000
          [0064875]       11.001
          [0065573]        9.001
          [0066219]        9.000
          [0066889]        9.001
          [0067564]        8.000
          [0068198]        8.001
          [0068849]        8.000
          [0069506]        8.000
          [0070167]        9.001
          [0070822]       11.001
          [0071475]        9.000
          [0072129]        9.001
          [0072771]       10.000
          [0073416]        9.001
          [0074041]        8.000
          [0074691]        8.001
          [0075320]        9.000
          [0075934]        8.001
          [0076568]        8.000
          [0077196]        8.000
          [0077836]        8.001
          [0078461]        8.000
          [0079047]        9.001
          [0079650]        8.000
          [0080251]        8.001
          [0080858]       10.000
          [0081465]        9.001
          [0082063]       11.001
          [0082681]       14.000
          [0083294]       10.001
          [0083922]       10.000
          [0084523]       11.001
          [0085114]       12.001
          [0085693]        8.000
          [0086263]        7.001
          [0086843]        8.000
          [0087436]        9.001
          [0088040]       15.001
Rehashing 
[0100093]                    868.049
          [0100808]      876.050
          [0101553]        8.000
          [0102288]        8.001
          [0103008]        9.000
          [0103738]        8.000
          [0104502]        8.001
          [0105251]        8.000
          [0105978]        8.001
          [0106728]       13.001
          [0107434]        9.000
          [0108176]        8.001
          [0108899]        9.000
          [0109619]        7.001
          [0110358]        9.000
          [0111096]        8.000
          [0111815]        8.001
          [0112547]       11.001
          [0113257]       11.000
          [0113948]        9.001
          [0114656]        8.000
          [0115373]        8.001
          [0116116]        8.000
          [0116810]        8.001
          [0117495]        8.000
          [0118197]        8.000
          [0118917]        8.001
          [0119601]        8.000
          [0120329]       11.001
          [0121025]       14.001
          [0121747]       11.000
          [0122454]        8.001
          [0123134]        9.000
          [0123831]        8.001
          [0124492]        9.000
          [0125174]       14.001
          [0125857]       14.001
          [0126520]       14.001
          [0127223]       14.001
          [0127895]       10.000
          [0128560]        8.001
          [0129250]        8.000
          [0129911]        8.001
          [0130559]        8.000
          [0131225]        8.000
          [0131907]        8.001
          [0132556]        8.000
          [0133212]        9.001
          [0133876]        8.000
          [0134545]        8.001
          [0135201]        8.000
          [0135839]        8.001
          [0136503]       10.000
          [0137165]        8.001
          [0137811]        8.000
          [0138481]        8.001
          [0139123]        8.000
          [0139783]        8.001
          [0140454]       10.000
          [0141113]        8.001
          [0141732]        7.000
          [0142393]        8.000
          [0143034]       12.001
          [0143683]        9.001
          [0144325]       14.000
          [0144938]       11.001
          [0145550]        7.000
          [0146173]        8.001
          [0146826]       11.001
          [0147448]        8.000
          [0148071]        8.000
          [0148692]        8.001
          [0149353]        8.000
          [0149995]        8.001
          [0150638]       14.001
          [0151246]       12.000
          [0151870]        8.001
          [0152471]        8.000
          [0153105]        8.001
          [0153693]        8.000
          [0154316]        8.001
          [0154948]        8.000
          [0155541]        8.001
          [0156163]        8.000
          [0156780]       11.001
          [0157402]        8.000
          [0157981]        8.001
          [0158606]        8.000
          [0159181]        8.000
          [0159778]        9.001
          [0160390]       12.001
          [0160962]        8.000
          [0161574]        8.001
          [0162171]        8.000
          [0162787]        8.000
          [0163381]       14.001
          [0163978]       13.001
          [0164567]        9.001
          [0165170]       11.000
          [0165752]       14.001
          [0166314]        8.000
          [0166949]        8.001
          [0167514]       11.001
          [0168123]       11.000
          [0168715]       14.001
          [0169306]       10.001
          [0169861]        8.000
          [0170438]        8.000
          [0171019]        8.001
          [0171586]        8.000
          [0172155]        9.001
          [0172715]        8.000
          [0173279]        8.001
          [0173849]       10.000
          [0174409]       10.001
          [0174971]       12.001
          [0175543]       12.000
          [0176082]       11.001
Rehashing 
[0197880]                   1904.109
          [0198530]     1916.110
          [0199260]       12.000
          [0199993]        8.001
          [0200718]        7.000
          [0201460]        9.001
          [0202155]        7.000
          [0202864]       11.001
          [0203577]        8.000
          [0204265]        8.001
          [0204992]        8.000
          [0205694]        8.001
          [0206412]       10.000
          [0207125]        8.001
          [0207868]        7.000
          [0208566]        8.001
          [0209294]        8.000
          [0209991]        7.000
          [0210682]       10.001
          [0211393]       15.001
          [0212108]       14.001
          [0212804]       14.000
          [0213491]        9.001
          [0214198]        8.000
          [0214882]        8.001
          [0215591]        8.000
          [0216285]        8.001
          [0216977]        8.000
          [0217668]        8.001
          [0218361]        7.000
          [0219050]        8.001
          [0219738]        9.000
          [0220438]       11.001
          [0221160]       10.000
          [0221873]       11.001
          [0222585]        8.000
          [0223242]        8.001
          [0223932]        8.000
          [0224596]       12.001
          [0225282]       11.001
          [0225979]        8.000
          [0226662]        8.000
          [0227350]        8.001
          [0228041]       11.001
          [0228716]        8.000
          [0229405]        8.000
          [0230088]        8.001
          [0230768]        8.000
          [0231427]        8.001
          [0232107]        8.000
          [0232758]        8.001
          [0233428]        8.000
          [0234112]        8.001
          [0234748]        8.000
          [0235418]        8.001
          [0236085]        8.000
          [0236743]        8.000
          [0237406]        8.001
          [0238068]        8.000
          [0238721]        8.001
          [0239389]       11.000
          [0240072]       14.001
          [0240726]        8.001
          [0241406]       11.000
          [0242056]       14.001
          [0242729]       10.001
          [0243398]        8.000
          [0244073]        8.001
          [0244717]        8.000
          [0245386]       10.001
          [0246054]       14.001
          [0246717]        8.000
          [0247385]        8.000
          [0248053]        8.001
          [0248715]       10.000
          [0249385]        8.001
          [0250056]        8.000
          [0250707]        8.001
          [0251340]        8.000
          [0252017]        9.001
          [0252681]       12.000
          [0253328]        8.001
          [0253986]        9.000
          [0254632]        8.001
          [0255271]        8.000
          [0255877]        8.001
          [0256503]        8.000
          [0257150]        9.001
          [0257819]        8.000
          [0258465]        8.001
          [0259115]        8.000
          [0259743]       12.001
          [0260421]        9.000
          [0261068]        8.001
          [0261718]        9.000
          [0262345]        8.001
          [0262961]        8.000
          [0263580]       11.001
          [0264202]        8.000
          [0264844]       10.001
          [0265479]       10.000
          [0266106]        8.001
          [0266748]        9.000
          [0267374]        8.001
          [0267997]        8.000
          [0268633]        8.001
          [0269252]        8.000
          [0269867]        8.001
          [0270488]        9.000
          [0271128]        8.001
          [0271750]        8.000
          [0272371]        8.001
          [0272985]        9.000
          [0273615]        9.001
          [0274260]        8.000
          [0274861]        8.001
          [0275484]        8.000
          [0276056]        8.000
          [0276693]        8.001
          [0277325]        8.000
          [0277966]        9.001
          [0278586]        8.000
          [0279208]        8.001
          [0279841]       11.000
          [0280452]        8.001
          [0281089]       15.001
          [0281694]       11.000
          [0282323]        8.001
          [0282927]       11.001
          [0283541]        8.000
          [0284155]        8.000
          [0284788]        8.001
          [0285415]        8.000
          [0286029]       11.001
          [0286624]        8.000
          [0287204]        8.001
          [0287820]        8.000
          [0288456]        8.001
          [0289051]        8.000
          [0289671]        8.001
          [0290276]        8.000
          [0290865]        8.001
          [0291467]        7.000
          [0292060]        8.000
          [0292658]        9.001
          [0293242]       11.001
          [0293846]        8.000
          [0294447]        8.001
          [0295046]        9.000
          [0295630]        9.001
          [0296211]        9.000
          [0296816]        8.001
          [0297423]        8.000
          [0298037]        8.000
          [0298642]        8.001
          [0299205]        9.000
          [0299791]       12.001
          [0300389]        8.001
          [0300971]        8.000
          [0301533]        7.000
          [0302122]        9.001
          [0302687]        8.000
          [0303309]        7.001
          [0303888]        9.000
          [0304477]        8.001
          [0305042]        8.000
          [0305618]        8.001
          [0306167]        8.000
          [0306773]        8.001
          [0307356]        8.000
          [0307959]        9.001
          [0308516]       12.000
          [0309085]        9.001
          [0309673]        8.000
          [0310267]        9.001
          [0310842]       10.000
          [0311414]       13.001
          [0311993]       15.001
          [0312586]       11.001
          [0313145]       10.000
          [0313698]        9.001
          [0314266]        9.000
          [0314832]        8.001
          [0315404]        8.000
          [0315981]        8.001
          [0316517]        7.000
          [0317118]        9.000
          [0317672]        8.001
          [0318236]        8.000
          [0318801]        8.001
          [0319398]        9.000
          [0319965]        8.001
          [0320526]       10.000
          [0321095]        7.001
          [0321629]        8.000
          [0322176]        9.001
          [0322740]        7.000
          [0323311]        8.001
          [0323858]        8.000
          [0324400]        8.001
          [0324939]        8.000
          [0325517]        8.000
          [0326072]        8.001
          [0326606]        8.000
          [0327154]       14.001
          [0327717]        9.001
          [0328258]       15.001
          [0328795]        8.000
          [0329318]       13.001
          [0329884]        8.000
          [0330449]        8.001
          [0330983]        8.000
          [0331522]        8.001
          [0332060]       13.000
          [0332590]        8.001
          [0333139]        8.000
          [0333674]        8.001
          [0334212]        8.000
          [0334770]       10.001
          [0335315]        8.000
          [0335849]        8.001
          [0336370]        8.000
          [0336884]        9.001
          [0337436]        8.000
          [0337970]       12.001
          [0338518]        8.000
          [0339078]        8.001
          [0339595]        9.000
          [0340109]        8.001
          [0340655]        9.000
          [0341195]        8.001
          [0341737]       12.000
          [0342258]        9.001
          [0342788]        8.000
          [0343350]       11.001
          [0343878]        8.000
          [0344419]        9.001
          [0344936]        8.000
          [0345452]        8.001
          [0345992]        8.000
          [0346506]        8.001
          [0347060]        8.000
          [0347567]        9.001
          [0348088]        8.000
          [0348613]        8.001
          [0349123]        8.000
          [0349638]        9.001
          [0350195]       11.000
          [0350709]        9.001
          [0351239]        8.000
          [0351753]        8.001
Rehashing 
[0372822]                   4273.245
          [0372826]     4285.245
          [0373408]        8.000
          [0373991]        8.001
          [0374574]       13.000
          [0375176]       14.001
          [0375773]       11.001
          [0376362]        9.000
          [0376952]       14.001
          [0377556]       12.001
          [0378143]        8.000
          [0378740]       10.001
          [0379329]       11.000
          [0379906]        8.001
          [0380503]        8.000
          [0381090]        8.001
          [0381653]        8.000
          [0382241]       14.001
          [0382797]       14.001
          [0383385]        8.000
          [0383964]        8.001
          [0384540]        8.000
          [0385111]        7.001
          [0385686]        8.000
          [0386251]        8.001
          [0386810]       12.000
          [0387390]       12.001
          [0387990]       12.001
          [0388558]       14.000
          [0389117]       14.001
          [0389690]       14.001
          [0390251]        9.001
          [0390818]       14.000
          [0391390]       14.001
          [0391965]       12.001
          [0392549]       14.001
          [0393107]        9.000
          [0393677]        7.001
          [0394215]       14.000
          [0394784]       12.001
          [0395374]        7.000
          [0395959]       11.001
          [0396525]       11.001
          [0397120]       14.001
          [0397677]       14.000
          [0398217]       14.001
          [0398759]       13.001
          [0399324]       10.000
          [0399893]        8.001
          [0400433]        8.000
          [0401004]       13.001
          [0401572]        9.001
          [0402143]        8.000
          [0402713]        8.001
          [0403267]        9.000
          [0403821]       14.001
          [0404377]       14.001
          [0404928]        8.000
          [0405486]       13.001
          [0406055]        8.000
          [0406617]        9.001
          [0407132]        8.000
          [0407679]        8.001
          [0408231]        8.000
          [0408755]        8.001
          [0409311]        8.000
          [0409852]        8.001
          [0410422]        8.000
          [0410992]        8.001
          [0411544]        7.000
          [0412094]        9.000
          [0412656]       12.001
          [0413183]        8.001
          [0413713]        8.000
          [0414262]        7.000
          [0414798]        8.001
          [0415350]        8.000
          [0415889]       11.001
          [0416432]       13.001
          [0417011]        8.000
          [0417559]        9.001
          [0418126]       13.000
          [0418675]       10.001
          [0419187]        8.000
          [0419732]        8.001
          [0420247]        8.000
          [0420797]        8.001
          [0421340]       14.001
          [0421896]       14.000
          [0422461]        8.001
          [0423006]       10.000
          [0423557]       14.001
          [0424110]       14.001
          [0424651]       11.001
          [0425225]        8.000
          [0425773]       13.001
          [0426292]       13.001
          [0426871]        8.000
          [0427396]       12.001
          [0427913]        9.000
          [0428458]        8.001
          [0429030]        8.000
          [0429577]        8.001
          [0430143]       13.000
          [0430689]       12.001
          [0431238]       14.001
          [0431775]       11.001
          [0432295]        8.000
          [0432851]       11.001
          [0433381]       10.000
          [0433919]       14.001
          [0434465]       14.001
          [0435012]       10.000
          [0435532]        8.001
          [0436053]        8.000
          [0436555]        8.001
          [0437068]        8.000
          [0437595]        8.001
          [0438115]       14.000
          [0438645]        8.001
          [0439188]        8.000
          [0439700]        8.001
          [0440214]       10.000
          [0440747]        9.001
          [0441317]        8.000
          [0441836]        8.001
          [0442346]        8.000
          [0442885]       14.001
          [0443389]       14.001
          [0443915]        8.000
          [0444468]        8.001
          [0444994]       11.000
          [0445504]       13.001
          [0446039]        7.001
          [0446561]        8.000
          [0447095]        8.000
          [0447638]        9.001
          [0448157]       13.001
          [0448684]       14.001
          [0449178]        9.000
          [0449696]        9.001
          [0450225]        8.000
          [0450762]       12.001
          [0451295]       14.001
          [0451780]       12.000
          [0452271]        8.001
          [0452793]       13.000
          [0453285]       14.001
          [0453822]        8.001
          [0454325]        8.000
          [0454828]       13.001
          [0455341]        8.000
          [0455849]        8.001
          [0456365]        8.000
          [0456882]        8.001
          [0457411]       10.000
          [0457921]       14.001
          [0458472]       10.001
          [0458993]        8.000
          [0459498]        7.001
          [0459973]       13.000
          [0460467]        9.001
          [0460974]        9.000
          [0461486]        7.001
          [0461993]       11.000
          [0462495]       14.001
          [0462988]       14.001
          [0463471]       11.001
          [0463969]        9.000
          [0464461]       12.001
          [0464959]        8.000
          [0465430]        8.001
          [0465921]        8.000
          [0466440]       12.001
          [0466923]        8.000
          [0467424]        8.001
          [0467925]        8.000
          [0468438]        8.001
          [0468934]        8.000
          [0469437]       11.001
          [0469918]       12.000
          [0470377]        8.001
          [0470908]        8.000
          [0471400]        8.001
          [0471919]       11.000
          [0472409]       14.001
          [0472922]       13.001
          [0473407]       10.001
          [0473902]       14.000
          [0474397]       13.001
          [0474903]        8.001
          [0475391]       10.000
          [0475885]       14.001
          [0476407]       15.001
          [0476917]       14.001
          [0477423]       14.000
          [0477903]       14.001
          [0478386]        8.001
          [0478858]        8.000
          [0479364]        8.001
          [0479870]        8.000
          [0480340]        8.000
          [0480846]       11.001
          [0481334]       13.001
          [0481831]        8.000
          [0482335]       12.001
          [0482848]       14.001
          [0483330]        9.000
          [0483786]       10.001
          [0484257]       13.001
          [0484734]        8.000
          [0485230]        8.001
          [0485715]        8.000
          [0486199]        7.000
          [0486680]        8.001
          [0487165]       14.001
          [0487639]       12.000
          [0488101]        8.001
          [0488589]       10.000
          [0489050]       14.001
          [0489512]        9.001
          [0490009]        8.000
          [0490485]        8.001
          [0490955]        8.000
          [0491414]       14.001
          [0491894]       14.001
          [0492348]        8.000
          [0492818]       11.001
          [0493291]        8.000
          [0493773]        8.001
          [0494246]        8.000
          [0494719]        8.001
          [0495184]        8.000
          [0495674]        8.001
          [0496156]        9.000
          [0496646]        8.001
          [0497129]        8.000
          [0497619]        9.001
          [0498084]       14.000
          [0498552]       10.001
          [0499056]        8.000
          [0499539]        8.001
          [0500019]        8.000
          [0500480]        8.001
          [0500935]        8.000
          [0501412]        8.001
          [0501850]        9.000
          [0502312]       14.001
          [0502797]        8.000
          [0503255]        8.001
          [0503716]        8.000
          [0504170]        8.001
          [0504655]        8.000
          [0505119]       12.001
          [0505555]       10.000
          [0506039]        8.001
          [0506501]        9.000
          [0506951]       14.001
          [0507387]        9.001
          [0507843]       13.001
          [0508318]       13.000
          [0508780]       14.001
          [0509246]       14.001
          [0509733]       10.000
          [0510222]        8.001
          [0510673]        8.000
          [0511104]        9.001
          [0511534]       14.001
          [0511985]       12.000
          [0512427]        8.001
          [0512878]        7.000
          [0513384]        8.001
          [0513863]       10.000
          [0514303]        8.001
          [0514757]        8.000
          [0515219]        8.001
          [0515672]        8.000
          [0516140]       10.001
          [0516591]       14.000
          [0517032]       15.001
          [0517489]       12.001
          [0517913]       14.001
          [0518394]       11.000
          [0518877]        8.001
          [0519314]        7.000
          [0519777]        8.001
          [0520198]       11.000
          [0520663]       14.001
          [0521125]       10.001
          [0521545]        9.000
          [0521996]       14.001
          [0522432]       12.001
          [0522906]        8.000
          [0523345]        8.001
          [0523778]        8.000
          [0524235]       13.001
          [0524687]       14.001
          [0525119]       10.000
          [0525559]       13.001
          [0525995]       14.001
          [0526439]       10.000
          [0526899]       11.001
          [0527354]       11.001
          [0527786]       13.000
          [0528207]       15.001
          [0528645]        9.001
          [0529086]        8.000
          [0529526]       12.001
          [0529933]       13.001
          [0530366]        8.000
          [0530820]       12.001
          [0531278]       10.000
          [0531722]        8.001
          [0532177]        7.000
          [0532613]        9.001
          [0533063]        7.000
          [0533478]        9.001
          [0533938]        8.000
          [0534368]        8.001
          [0534817]        8.000
          [0535257]       10.001
          [0535699]       14.000
          [0536154]       10.001
          [0536594]        8.000
          [0537049]        8.001
          [0537502]       13.001
          [0537944]       14.000
          [0538376]       13.001
          [0538806]       10.001
          [0539223]       14.001
          [0539660]       12.000
          [0540108]        8.001
          [0540510]        8.000
          [0540936]        8.001
          [0541366]       12.000
          [0541793]       14.001
          [0542228]       13.001
          [0542676]        8.000
          [0543103]        8.001
          [0543516]        9.000
          [0543966]       13.001
          [0544386]        8.000
          [0544827]       11.001
          [0545253]       11.001
          [0545649]       12.000
          [0546095]       14.001
          [0546528]       11.001
          [0546953]        8.000
          [0547351]       12.001
          [0547802]        9.000
          [0548196]        8.001
          [0548630]        8.000
          [0549030]       14.001
          [0549445]        8.001
          [0549874]        8.000
          [0550292]        8.001
          [0550684]       12.000
          [0551071]       14.001
          [0551523]       12.001
          [0551930]        8.000
          [0552366]        8.001
          [0552767]        8.000
          [0553187]        8.001
          [0553621]       15.000
          [0554049]       14.001
          [0554482]        8.001
          [0554909]        8.000
          [0555310]        7.001
          [0555720]        8.000
          [0556133]        8.000
          [0556547]        8.001
          [0556962]       10.000
          [0557374]       14.001
          [0557770]        8.001
          [0558187]        8.000
          [0558593]        8.001
          [0558999]        8.000
          [0559409]        8.001
          [0559821]       13.000
          [0560233]       13.001
          [0560661]        8.001
          [0561097]        8.000
          [0561473]        9.000
          [0561877]        8.001
          [0562287]        9.000
          [0562690]        7.001
          [0563128]        8.000
          [0563542]        8.001
          [0563938]       13.001
          [0564359]       14.000
          [0564775]        9.001
          [0565190]       11.000
          [0565626]       14.001
          [0566031]        8.001
          [0566457]       13.000
          [0566884]        9.001
          [0567284]       11.001
          [0567688]       14.000
          [0568083]       12.001
          [0568471]       12.001
          [0568883]       12.000
          [0569310]        8.001
          [0569720]       10.000
          [0570133]       13.001
          [0570550]       13.001
          [0570945]       14.001
          [0571361]       10.000
          [0571761]        8.001
          [0572176]       13.001
          [0572578]       13.000
          [0572993]       10.001
          [0573412]       14.001
          [0573786]       10.000
          [0574171]       14.001
          [0574579]       14.001
          [0574968]       12.001
          [0575386]       14.000
          [0575766]        8.001
          [0576173]        8.000
          [0576605]        8.001
          [0576988]        7.000
          [0577395]       10.001
          [0577786]        8.000
          [0578205]        8.001
          [0578596]       13.000
          [0578993]       13.001
          [0579397]       14.001
          [0579813]        8.000
          [0580187]        8.001
          [0580588]       10.000
          [0580989]       13.001
          [0581366]       10.001
          [0581789]       14.000
          [0582188]       13.001
          [0582593]       13.001
          [0582999]       13.001
          [0583374]        9.000
          [0583783]       14.001
          [0584177]        9.001
          [0584580]       15.000
          [0584980]       12.001
          [0585379]        8.001
          [0585779]       12.000
          [0586178]       14.001
          [0586554]        9.001
          [0586956]        9.000
          [0587354]       12.001
          [0587757]       14.001
          [0588166]       14.000
          [0588572]       13.001
          [0588967]       14.001
          [0589366]        9.000
          [0589748]        8.001
          [0590144]        8.000
          [0590551]        8.001
          [0590957]        9.000
          [0591353]        8.001
          [0591735]        7.000
          [0592119]        7.001
          [0592491]        8.000
          [0592905]       10.001
          [0593309]       14.000
          [0593711]       12.001
          [0594082]       10.001
          [0594484]       13.000
          [0594855]        9.001
          [0595243]        9.000
          [0595629]        8.001
          [0595995]       11.001
          [0596342]       10.000
          [0596732]        8.001
          [0597134]       12.000
          [0597516]        9.001
          [0597915]       14.001
          [0598315]       14.000
          [0598723]        9.001
          [0599114]        7.000
          [0599461]        9.001
          [0599840]       13.001
          [0600211]       15.000
          [0600609]       13.001
          [0600986]        8.001
          [0601372]       12.000
          [0601739]       10.001
          [0602116]        8.000
          [0602495]        8.001
          [0602857]       11.000
          [0603258]       11.001
          [0603628]        8.001
          [0604019]        8.000
          [0604395]        8.000
          [0604765]        9.001
          [0605122]       12.001
          [0605502]       12.000
          [0605869]        8.001
          [0606224]        8.000
          [0606582]       10.001
          [0606957]        9.000
          [0607373]        8.001
          [0607748]       10.000
          [0608125]       12.001
          [0608503]       14.001
          [0608848]       14.001
          [0609230]       10.000
          [0609602]        8.001
          [0609983]        8.000
          [0610362]       10.001
          [0610728]        8.000
          [0611105]        8.001
          [0611472]        7.000
          [0611829]       12.001
          [0612222]       12.000
          [0612593]        8.001
          [0612933]        8.000
          [0613319]        8.001
          [0613684]       12.001
          [0614062]       11.000
          [0614445]        8.001
          [0614822]        8.000
          [0615202]        8.001
          [0615561]        8.000
          [0615924]       11.001
          [0616316]        8.000
          [0616686]        8.001
          [0617027]        8.000
          [0617379]        8.000
          [0617756]        9.001
          [0618106]       12.001
          [0618464]        8.000
          [0618816]        8.001
          [0619190]       11.000
          [0619563]        8.001
          [0619897]        8.000
          [0620265]       10.001
          [0620639]       11.000
          [0620989]        8.001
          [0621337]        8.000
          [0621699]       14.001
          [0622083]       10.001
          [0622443]       12.000
          [0622830]        9.001
          [0623182]       14.001
          [0623548]       14.000
          [0623910]       12.001
          [0624278]       14.001
          [0624646]       14.001
          [0625008]       13.000
          [0625355]       14.001
          [0625689]       14.001
          [0626073]       14.001
          [0626426]       13.001
          [0626788]        9.000
          [0627166]       14.001
          [0627498]        8.000
          [0627871]        8.001
          [0628225]       12.000
          [0628589]        9.001
          [0628972]        8.000
          [0629335]        8.001
          [0629718]        8.000
          [0630099]        8.001
          [0630475]        9.000
          [0630851]       14.001
          [0631209]        9.001
          [0631533]        8.000
          [0631895]        9.001
          [0632241]       10.000
          [0632585]        8.001
          [0632955]        8.000
          [0633343]        8.001
          [0633718]        8.000
          [0634067]       10.001
          [0634396]       12.000
          [0634753]        8.001
          [0635114]        8.000
          [0635458]        7.001
          [0635833]       11.000
          [0636186]       12.001
          [0636566]        9.000
          [0636924]        8.001
          [0637281]        8.000
          [0637606]        9.001
          [0637955]       14.001
          [0638307]       13.000
          [0638662]        8.001
          [0639007]       12.001
          [0639356]       14.000
          [0639697]       10.001
          [0640050]       14.001
          [0640391]       10.000
          [0640754]       14.001
          [0641084]       14.001
          [0641406]        8.000
          [0641749]        8.001
          [0642105]       11.000
          [0642461]       13.001
          [0642808]        8.001
          [0643159]        8.000
          [0643523]        8.001
          [0643839]       14.000
          [0644170]       14.001
          [0644514]       10.001
          [0644889]        8.000
          [0645237]       11.001
          [0645585]       14.001
          [0645922]        8.000
          [0646268]        8.001
          [0646600]        7.000
          [0646928]       14.001
          [0647281]       13.000
          [0647651]        9.001
          [0647987]       10.001
          [0648341]       13.000
          [0648676]       11.001
          [0649037]        7.000
          [0649369]       12.001
          [0649715]       11.001
          [0650035]        8.000
          [0650383]        8.001
          [0650722]        9.000
          [0651049]       12.001
          [0651413]       14.001
          [0651779]       13.000
          [0652121]       14.001
          [0652459]       14.001
          [0652810]        8.000
          [0653143]        8.001
          [0653481]        8.000
          [0653785]        7.001
          [0654143]       14.001
          [0654507]       14.000
          [0654871]       10.001
          [0655185]        8.000
          [0655529]       10.001
          [0655873]       13.001
          [0656197]        8.000
          [0656526]        9.001
          [0656834]        8.000
          [0657183]        8.001
          [0657527]       13.000
          [0657847]       13.001
          [0658168]        8.001
          [0658478]       11.000
          [0658801]       13.001
          [0659118]       11.001
          [0659450]        8.000
          [0659800]       11.001
          [0660121]        9.000
          [0660462]       14.001
          [0660792]       15.001
          [0661112]        9.000
          [0661423]       11.001
          [0661767]       12.001
          [0662111]        8.000
          [0662481]        7.001
          [0662795]        8.000
          [0663143]        9.001
          [0663466]        9.000
          [0663805]        9.001
          [0664163]        8.000
          [0664529]        8.001
          [0664840]        8.000
          [0665187]        8.000
          [0665504]        8.001
          [0665829]        8.000
          [0666145]        8.001
          [0666475]       10.000
          [0666787]       13.001
          [0667105]       10.001
          [0667419]       14.000
          [0667744]       14.001
          [0668078]       15.001
          [0668406]       10.001
          [0668727]        9.000
          [0669054]        7.001
          [0669409]       12.000
          [0669727]        8.001
          [0670072]        8.000
          [0670386]        8.001
          [0670742]        8.000
          [0671089]        8.001
          [0671401]       13.000
          [0671735]       14.001
          [0672049]       13.001
          [0672357]       14.001
          [0672699]       15.001
          [0673036]       14.000
          [0673346]       10.001
          [0673669]        9.000
          [0673970]       14.001
          [0674304]       13.001
          [0674623]       14.001
          [0674916]       12.000
          [0675250]        7.001
          [0675572]        8.000
          [0675907]        9.001
          [0676245]       14.001
          [0676541]       14.000
          [0676841]       12.001
          [0677145]       12.001
          [0677470]       14.001
          [0677786]       13.000
          [0678135]        8.001
          [0678456]        8.000
          [0678758]       12.001
          [0678932]
[FIM]
