
-----------------------------------------------
REHASH   |   SIZE  |  TIME (ms)  | RH TIME (ms)
-----------------------------------------------

Rehashing [0000081]                     15.600
Rehashing [0000161]                      0.000
Rehashing [0000321]                      0.000
Rehashing [0000641]                      0.000
          [0001000]       15.600
Rehashing [0001281]                      0.000
          [0002000]        0.000
Rehashing [0002561]                      0.000
          [0003000]        0.000
          [0004000]       15.600
          [0005000]        0.000
Rehashing [0005121]                      0.000
          [0006000]        0.000
          [0007000]        0.000
          [0008000]       15.600
          [0009000]        0.000
          [0010000]        0.000
Rehashing [0010241]                      0.000
          [0011000]        0.000
          [0012000]        0.000
          [0013000]        0.000
          [0014000]        0.000
          [0015000]       15.600
          [0016000]        0.000
          [0017000]        0.000
          [0018000]        0.000
          [0019000]        0.000
          [0020000]        0.000
Rehashing [0020481]                     15.600
          [0021000]       15.600
          [0022000]        0.000
          [0023000]        0.000
          [0024000]        0.000
          [0025000]        0.000
          [0026000]        0.000
          [0027000]        0.000
          [0028000]        0.000
          [0029000]        0.000
          [0030000]       15.600
          [0031000]        0.000
          [0032000]        0.000
          [0033000]        0.000
          [0034000]        0.000
          [0035000]        0.000
          [0036000]        0.000
          [0037000]        0.000
          [0038000]        0.000
          [0039000]        0.000
          [0040000]        0.000
Rehashing [0040961]                     31.200
          [0041000]       31.200
          [0042000]        0.000
          [0043000]       15.600
          [0044000]        0.000
          [0045000]        0.000
          [0046000]        0.000
          [0047000]        0.000
          [0048000]        0.000
          [0049000]        0.000
          [0050000]        0.000
          [0051000]        0.000
          [0052000]        0.000
          [0053000]        0.000
          [0054000]        0.000
          [0055000]        0.000
          [0056000]        0.000
          [0057000]       15.600
          [0058000]        0.000
          [0059000]        0.000
          [0060000]        0.000
          [0061000]        0.000
          [0062000]        0.000
          [0063000]        0.000
          [0064000]        0.000
          [0065000]        0.000
          [0066000]        0.000
          [0067000]        0.000
          [0068000]        0.000
          [0069000]       15.600
          [0070000]        0.000
          [0071000]        0.000
          [0072000]        0.000
          [0073000]        0.000
          [0074000]        0.000
          [0075000]        0.000
          [0076000]        0.000
          [0077000]        0.000
          [0078000]        0.000
          [0079000]        0.000
          [0080000]       15.600
          [0081000]        0.000
Rehashing [0081921]                     46.800
          [0082000]       46.800
          [0083000]       15.600
          [0084000]        0.000
          [0085000]        0.000
          [0086000]        0.000
          [0087000]        0.000
          [0088000]        0.000
          [0089000]        0.000
          [0090000]        0.000
          [0091000]        0.000
          [0092000]        0.000
          [0093000]        0.000
          [0094000]        0.000
          [0095000]       15.600
          [0096000]        0.000
          [0097000]        0.000
          [0098000]        0.000
          [0099000]        0.000
          [0100000]        0.000
          [0101000]        0.000
          [0102000]        0.000
          [0103000]        0.000
          [0104000]        0.000
          [0105000]        0.000
          [0106000]        0.000
          [0107000]       15.600
          [0108000]        0.000
          [0109000]        0.000
          [0110000]        0.000
          [0111000]        0.000
          [0112000]        0.000
          [0113000]        0.000
          [0114000]        0.000
          [0115000]        0.000
          [0116000]        0.000
          [0117000]        0.000
          [0118000]       15.600
          [0119000]        0.000
          [0120000]        0.000
          [0121000]        0.000
          [0122000]        0.000
          [0123000]        0.000
          [0124000]        0.000
          [0125000]        0.000
          [0126000]        0.000
          [0127000]        0.000
          [0128000]        0.000
          [0129000]       15.600
          [0130000]        0.000
          [0131000]        0.000
          [0132000]        0.000
          [0133000]        0.000
          [0134000]        0.000
          [0135000]        0.000
          [0136000]        0.000
          [0137000]        0.000
          [0138000]       15.600
          [0139000]        0.000
          [0140000]        0.000
          [0141000]        0.000
          [0142000]        0.000
          [0143000]        0.000
          [0144000]        0.000
          [0145000]        0.000
          [0146000]        0.000
          [0147000]       15.600
          [0148000]        0.000
          [0149000]        0.000
          [0150000]        0.000
          [0151000]        0.000
          [0152000]        0.000
          [0153000]        0.000
          [0154000]        0.000
          [0155000]       15.600
          [0156000]        0.000
          [0157000]        0.000
          [0158000]        0.000
          [0159000]        0.000
          [0160000]        0.000
          [0161000]        0.000
          [0162000]       15.600
          [0163000]        0.000
Rehashing [0163841]                    124.800
          [0164000]      124.800
          [0165000]        0.000
          [0166000]        0.000
          [0167000]        0.000
          [0168000]        0.000
          [0169000]        0.000
          [0170000]        0.000
          [0171000]        0.000
          [0172000]        0.000
          [0173000]        0.000
          [0174000]       15.600
          [0175000]        0.000
          [0176000]        0.000
          [0177000]        0.000
          [0178000]        0.000
          [0179000]        0.000
          [0180000]        0.000
          [0181000]        0.000
          [0182000]        0.000
          [0183000]        0.000
          [0184000]        0.000
          [0185000]       15.601
          [0186000]        0.000
          [0187000]        0.000
          [0188000]        0.000
          [0189000]        0.000
          [0190000]        0.000
          [0191000]        0.000
          [0192000]        0.000
          [0193000]        0.000
          [0194000]        0.000
          [0195000]       15.600
          [0196000]        0.000
          [0197000]        0.000
          [0198000]        0.000
          [0199000]        0.000
          [0200000]        0.000
          [0201000]        0.000
          [0202000]        0.000
          [0203000]        0.000
          [0204000]        0.000
          [0205000]       15.600
          [0206000]        0.000
          [0207000]        0.000
          [0208000]        0.000
          [0209000]        0.000
          [0210000]        0.000
          [0211000]        0.000
          [0212000]        0.000
          [0213000]        0.000
          [0214000]       15.600
          [0215000]        0.000
          [0216000]        0.000
          [0217000]        0.000
          [0218000]        0.000
          [0219000]        0.000
          [0220000]        0.000
          [0221000]        0.000
          [0222000]        0.000
          [0223000]       15.600
          [0224000]        0.000
          [0225000]        0.000
          [0226000]        0.000
          [0227000]        0.000
          [0228000]        0.000
          [0229000]        0.000
          [0230000]        0.000
          [0231000]        0.000
          [0232000]       15.600
          [0233000]        0.000
          [0234000]        0.000
          [0235000]        0.000
          [0236000]        0.000
          [0237000]        0.000
          [0238000]        0.000
          [0239000]        0.000
          [0240000]        0.000
          [0241000]        0.000
          [0242000]        0.000
          [0243000]        0.000
          [0244000]        0.000
          [0245000]        0.000
          [0246000]        0.000
          [0247000]        0.000
          [0248000]        0.000
          [0249000]       15.600
          [0250000]        0.000
          [0251000]        0.000
          [0252000]        0.000
          [0253000]        0.000
          [0254000]        0.000
          [0255000]        0.000
          [0256000]       15.600
          [0257000]        0.000
          [0258000]        0.000
          [0259000]        0.000
          [0260000]        0.000
          [0261000]        0.000
          [0262000]        0.000
          [0263000]        0.000
          [0264000]       15.600
          [0265000]        0.000
          [0266000]        0.000
          [0267000]        0.000
          [0268000]        0.000
          [0269000]        0.000
          [0270000]        0.000
          [0271000]       15.600
          [0272000]        0.000
          [0273000]        0.000
          [0274000]        0.000
          [0275000]        0.000
          [0276000]        0.000
          [0277000]       15.600
          [0278000]        0.000
          [0279000]        0.000
          [0280000]        0.000
          [0281000]        0.000
          [0282000]        0.000
          [0283000]       15.600
          [0284000]        0.000
          [0285000]        0.000
          [0286000]        0.000
          [0287000]        0.000
          [0288000]        0.000
          [0289000]       15.600
          [0290000]        0.000
          [0291000]        0.000
          [0292000]        0.000
          [0293000]        0.000
          [0294000]        0.000
          [0295000]       15.600
          [0296000]        0.000
          [0297000]        0.000
          [0298000]        0.000
          [0299000]        0.000
          [0300000]       15.600
          [0301000]        0.000
          [0302000]        0.000
          [0303000]        0.000
          [0304000]        0.000
          [0305000]       15.600
          [0306000]        0.000
          [0307000]        0.000
          [0308000]        0.000
          [0309000]       15.600
          [0310000]        0.000
          [0311000]        0.000
          [0312000]        0.000
          [0313000]       15.600
          [0314000]        0.000
          [0315000]        0.000
          [0316000]        0.000
          [0317000]       15.600
          [0318000]        0.000
          [0319000]       15.600
          [0320000]        0.000
          [0321000]        0.000
          [0322000]       15.600
          [0323000]        0.000
          [0324000]       15.600
          [0325000]        0.000
          [0326000]       15.600
          [0327000]        0.000
Rehashing [0327681]                    249.601
          [0328000]      265.201
          [0329000]        0.000
          [0330000]        0.000
          [0331000]        0.000
          [0332000]        0.000
          [0333000]       15.600
          [0334000]        0.000
          [0335000]        0.000
          [0336000]        0.000
          [0337000]        0.000
          [0338000]        0.000
          [0339000]        0.000
          [0340000]        0.000
          [0341000]       15.600
          [0342000]        0.000
          [0343000]        0.000
          [0344000]        0.000
          [0345000]        0.000
          [0346000]        0.000
          [0347000]        0.000
          [0348000]        0.000
          [0349000]        0.000
          [0350000]       15.600
          [0351000]        0.000
          [0352000]        0.000
          [0353000]        0.000
          [0354000]        0.000
          [0355000]        0.000
          [0356000]        0.000
          [0357000]        0.000
          [0358000]       15.600
          [0359000]        0.000
          [0360000]        0.000
          [0361000]        0.000
          [0362000]        0.000
          [0363000]        0.000
          [0364000]        0.000
          [0365000]        0.000
          [0366000]       15.600
          [0367000]        0.000
          [0368000]        0.000
          [0369000]        0.000
          [0370000]        0.000
          [0371000]        0.000
          [0372000]        0.000
          [0373000]        0.000
          [0374000]       15.600
          [0375000]        0.000
          [0376000]        0.000
          [0377000]        0.000
          [0378000]        0.000
          [0379000]        0.000
          [0380000]        0.000
          [0381000]        0.000
          [0382000]       15.600
          [0383000]        0.000
          [0384000]        0.000
          [0385000]        0.000
          [0386000]        0.000
          [0387000]        0.000
          [0388000]        0.000
          [0389000]        0.000
          [0390000]       15.600
          [0391000]        0.000
          [0392000]        0.000
          [0393000]        0.000
          [0394000]        0.000
          [0395000]        0.000
          [0396000]        0.000
          [0397000]       15.600
          [0398000]        0.000
          [0399000]        0.000
          [0400000]        0.000
          [0401000]        0.000
          [0402000]        0.000
          [0403000]        0.000
          [0404000]        0.000
          [0405000]       15.600
          [0406000]        0.000
          [0407000]        0.000
          [0408000]        0.000
          [0409000]        0.000
          [0410000]        0.000
          [0411000]        0.000
          [0412000]       15.600
          [0413000]        0.000
          [0414000]        0.000
          [0415000]        0.000
          [0416000]        0.000
          [0417000]        0.000
          [0418000]        0.000
          [0419000]       15.600
          [0420000]        0.000
          [0421000]        0.000
          [0422000]        0.000
          [0423000]        0.000
          [0424000]        0.000
          [0425000]        0.000
          [0426000]       15.600
          [0427000]        0.000
          [0428000]        0.000
          [0429000]        0.000
          [0430000]        0.000
          [0431000]        0.000
          [0432000]        0.000
          [0433000]       15.600
          [0434000]        0.000
          [0435000]        0.000
          [0436000]        0.000
          [0437000]        0.000
          [0438000]        0.000
          [0439000]       15.600
          [0440000]        0.000
          [0441000]        0.000
          [0442000]        0.000
          [0443000]        0.000
          [0444000]        0.000
          [0445000]        0.000
          [0446000]       15.600
          [0447000]        0.000
          [0448000]        0.000
          [0449000]        0.000
          [0450000]        0.000
          [0451000]        0.000
          [0452000]       15.600
          [0453000]        0.000
          [0454000]        0.000
          [0455000]        0.000
          [0456000]        0.000
          [0457000]        0.000
          [0458000]       15.600
          [0459000]        0.000
          [0460000]        0.000
          [0461000]        0.000
          [0462000]        0.000
          [0463000]       15.600
          [0464000]        0.000
          [0465000]        0.000
          [0466000]        0.000
          [0467000]        0.000
          [0468000]        0.000
          [0469000]       15.600
          [0470000]        0.000
          [0471000]        0.000
          [0472000]        0.000
          [0473000]        0.000
          [0474000]       15.600
          [0475000]        0.000
          [0476000]        0.000
          [0477000]        0.000
          [0478000]        0.000
          [0479000]       15.600
          [0480000]        0.000
          [0481000]        0.000
          [0482000]        0.000
          [0483000]        0.000
          [0484000]       15.600
          [0485000]        0.000
          [0486000]        0.000
          [0487000]        0.000
          [0488000]       15.600
          [0489000]        0.000
          [0490000]        0.000
          [0491000]        0.000
          [0492000]       15.600
          [0493000]        0.000
          [0494000]        0.000
          [0495000]        0.000
          [0496000]        0.000
          [0497000]       15.600
          [0498000]        0.000
          [0499000]        0.000
          [0500000]        0.000
          [0501000]       15.600
          [0502000]        0.000
          [0503000]        0.000
          [0504000]        0.000
          [0505000]        0.000
          [0506000]       15.600
          [0507000]        0.000
          [0508000]        0.000
          [0509000]       15.600
          [0510000]        0.000
          [0511000]        0.000
          [0512000]        0.000
          [0513000]       15.600
          [0514000]        0.000
          [0515000]        0.000
          [0516000]       15.600
          [0517000]        0.000
          [0518000]        0.000
          [0519000]        0.000
          [0520000]       15.600
          [0521000]        0.000
          [0522000]        0.000
          [0523000]       15.601
          [0524000]        0.000
          [0525000]        0.000
          [0526000]       15.600
          [0527000]        0.000
          [0528000]        0.000
          [0529000]       15.600
          [0530000]        0.000
          [0531000]        0.000
          [0532000]       15.600
          [0533000]        0.000
          [0534000]        0.000
          [0535000]       15.600
          [0536000]        0.000
          [0537000]       15.600
          [0538000]        0.000
          [0539000]       15.600
          [0540000]        0.000
          [0541000]        0.000
          [0542000]       15.600
          [0543000]        0.000
          [0544000]        0.000
          [0545000]       15.600
          [0546000]        0.000
          [0547000]       15.600
          [0548000]        0.000
          [0549000]        0.000
          [0550000]       15.600
          [0551000]        0.000
          [0552000]       15.600
          [0553000]        0.000
          [0554000]       15.600
          [0555000]        0.000
          [0556000]       15.600
          [0557000]        0.000
          [0558000]       15.600
          [0559000]        0.000
          [0560000]       15.600
          [0561000]        0.000
          [0562000]       15.600
          [0563000]        0.000
          [0564000]       15.600
          [0565000]        0.000
          [0566000]       15.600
          [0567000]        0.000
          [0568000]       15.600
          [0569000]        0.000
          [0570000]       15.600
          [0571000]       15.600
          [0572000]       15.600
          [0573000]        0.000
          [0574000]       15.600
          [0575000]       15.600
          [0576000]        0.000
          [0577000]       15.600
          [0578000]       15.600
          [0579000]        0.000
          [0580000]       15.600
          [0581000]       15.600
          [0582000]        0.000
          [0583000]       15.600
          [0584000]       15.600
          [0585000]        0.000
          [0586000]       15.600
          [0587000]       15.600
          [0588000]        0.000
          [0589000]       15.600
          [0590000]       15.600
          [0591000]       15.600
          [0592000]        0.000
          [0593000]       15.601
          [0594000]       15.600
          [0595000]       15.600
          [0596000]        0.000
          [0597000]       15.600
          [0598000]       15.600
          [0599000]       15.600
          [0600000]       15.600
          [0601000]       15.600
          [0602000]       15.600
          [0603000]       15.600
          [0604000]       15.600
          [0605000]       15.600
          [0606000]       15.600
          [0607000]       15.600
          [0608000]       15.600
          [0609000]       15.600
          [0610000]       15.600
          [0611000]       15.600
          [0612000]       15.600
          [0613000]       15.600
          [0614000]       15.600
          [0615000]       15.600
          [0616000]       15.600
          [0617000]       15.600
          [0618000]       15.600
          [0619000]       15.600
          [0620000]       31.200
          [0621000]       15.600
          [0622000]       31.200
          [0623000]       15.600
          [0624000]       15.600
          [0625000]       31.200
          [0626000]       15.600
          [0627000]       15.600
          [0628000]       15.601
          [0629000]       31.200
          [0630000]       15.600
          [0631000]       31.200
          [0632000]       15.600
          [0633000]       31.200
          [0634000]       15.600
          [0635000]       15.600
          [0636000]       31.200
          [0637000]       31.200
          [0638000]       15.600
          [0639000]       31.200
          [0640000]       31.200
          [0641000]       31.200
          [0642000]       15.600
          [0643000]       31.200
          [0644000]       31.200
          [0645000]       31.200
          [0646000]       31.200
          [0647000]       15.600
          [0648000]       31.200
          [0649000]       46.801
          [0650000]       31.200
          [0651000]       31.200
          [0652000]       46.800
          [0653000]       31.200
          [0654000]       31.200
          [0655000]       46.800
Rehashing [0655361]                    546.001
          [0656000]      546.001
          [0657000]        0.000
          [0658000]        0.000
          [0659000]        0.000
          [0660000]        0.000
          [0661000]       15.600
          [0662000]        0.000
          [0663000]        0.000
          [0664000]        0.000
          [0665000]        0.000
          [0666000]        0.000
          [0667000]       15.600
          [0668000]        0.000
          [0669000]        0.000
          [0670000]        0.000
          [0671000]        0.000
          [0672000]        0.000
          [0673000]       15.600
          [0674000]        0.000
          [0675000]        0.000
          [0676000]        0.000
          [0677000]        0.000
          [0678000]        0.000
          [0679000]       15.600
          [0680000]        0.000
          [0681000]        0.000
          [0682000]        0.000
          [0683000]        0.000
          [0684000]        0.000
          [0685000]       15.600
          [0686000]        0.000
          [0687000]        0.000
          [0688000]        0.000
          [0689000]        0.000
          [0690000]        0.000
          [0691000]       15.600
          [0692000]        0.000
          [0693000]        0.000
          [0694000]        0.000
          [0695000]        0.000
          [0696000]       15.600
          [0697000]        0.000
          [0698000]        0.000
          [0699000]        0.000
          [0700000]        0.000
          [0701000]        0.000
          [0702000]       15.600
          [0703000]        0.000
          [0704000]        0.000
          [0705000]        0.000
          [0706000]        0.000
          [0707000]       15.600
          [0708000]        0.000
          [0709000]        0.000
          [0710000]        0.000
          [0711000]        0.000
          [0712000]        0.000
          [0713000]       15.600
          [0714000]        0.000
          [0715000]        0.000
          [0716000]        0.000
          [0717000]        0.000
          [0718000]       15.600
          [0719000]        0.000
          [0720000]        0.000
          [0721000]        0.000
          [0722000]        0.000
          [0723000]        0.000
          [0724000]       15.600
          [0725000]        0.000
          [0726000]        0.000
          [0727000]        0.000
          [0728000]        0.000
          [0729000]       15.600
          [0730000]        0.000
          [0731000]        0.000
          [0732000]        0.000
          [0733000]        0.000
          [0734000]        0.000
          [0735000]       15.600
          [0736000]        0.000
          [0737000]        0.000
          [0738000]        0.000
          [0739000]        0.000
          [0740000]        0.000
          [0741000]       15.600
          [0742000]        0.000
          [0743000]        0.000
          [0744000]        0.000
          [0745000]        0.000
          [0746000]       15.600
          [0747000]        0.000
          [0748000]        0.000
          [0749000]        0.000
          [0750000]        0.000
          [0751000]        0.000
          [0752000]       15.600
          [0753000]        0.000
          [0754000]        0.000
          [0755000]        0.000
          [0756000]        0.000
          [0757000]       15.600
          [0758000]        0.000
          [0759000]        0.000
          [0760000]        0.000
          [0761000]        0.000
          [0762000]       15.600
          [0763000]        0.000
          [0764000]        0.000
          [0765000]        0.000
          [0766000]        0.000
          [0767000]       15.600
          [0768000]        0.000
          [0769000]        0.000
          [0770000]        0.000
          [0771000]        0.000
          [0772000]       15.600
          [0773000]        0.000
          [0774000]        0.000
          [0775000]        0.000
          [0776000]        0.000
          [0777000]       15.600
          [0778000]        0.000
          [0779000]        0.000
          [0780000]        0.000
          [0781000]        0.000
          [0782000]       15.600
          [0783000]        0.000
          [0784000]        0.000
          [0785000]        0.000
          [0786000]        0.000
          [0787000]       15.601
          [0788000]        0.000
          [0789000]        0.000
          [0790000]        0.000
          [0791000]       15.600
          [0792000]        0.000
          [0793000]        0.000
          [0794000]        0.000
          [0795000]        0.000
          [0796000]       15.600
          [0797000]        0.000
          [0798000]        0.000
          [0799000]        0.000
          [0800000]        0.000
          [0801000]       15.600
          [0802000]        0.000
          [0803000]        0.000
          [0804000]        0.000
          [0805000]       15.600
          [0806000]        0.000
          [0807000]        0.000
          [0808000]        0.000
          [0809000]        0.000
          [0810000]       15.600
          [0811000]        0.000
          [0812000]        0.000
          [0813000]        0.000
          [0814000]       15.600
          [0815000]        0.000
          [0816000]        0.000
          [0817000]        0.000
          [0818000]       15.600
          [0819000]        0.000
          [0820000]        0.000
          [0821000]        0.000
          [0822000]       15.600
          [0823000]        0.000
          [0824000]        0.000
          [0825000]        0.000
          [0826000]       15.600
          [0827000]        0.000
          [0828000]        0.000
          [0829000]        0.000
          [0830000]       15.600
          [0831000]        0.000
          [0832000]        0.000
          [0833000]        0.000
          [0834000]       15.600
          [0835000]        0.000
          [0836000]        0.000
          [0837000]        0.000
          [0838000]       15.600
          [0839000]        0.000
          [0840000]        0.000
          [0841000]        0.000
          [0842000]       15.600
          [0843000]        0.000
          [0844000]        0.000
          [0845000]       15.600
          [0846000]        0.000
          [0847000]        0.000
          [0848000]       15.600
          [0849000]        0.000
          [0850000]        0.000
          [0851000]       15.600
          [0852000]        0.000
          [0853000]        0.000
          [0854000]        0.000
          [0855000]       15.600
          [0856000]        0.000
          [0857000]        0.000
          [0858000]       15.600
          [0859000]        0.000
          [0860000]        0.000
          [0861000]       15.600
          [0862000]        0.000
          [0863000]        0.000
          [0864000]       15.600
          [0865000]        0.000
          [0866000]        0.000
          [0867000]       15.600
          [0868000]        0.000
          [0869000]        0.000
          [0870000]       15.600
          [0871000]        0.000
          [0872000]        0.000
          [0873000]       15.600
          [0874000]        0.000
          [0875000]        0.000
          [0876000]       15.600
          [0877000]        0.000
          [0878000]        0.000
          [0879000]       15.600
          [0880000]        0.000
          [0881000]       15.600
          [0882000]        0.000
          [0883000]        0.000
          [0884000]       15.600
          [0885000]        0.000
          [0886000]        0.000
          [0887000]       15.600
          [0888000]        0.000
          [0889000]       15.600
          [0890000]        0.000
          [0891000]        0.000
          [0892000]       15.600
          [0893000]        0.000
          [0894000]        0.000
          [0895000]       15.600
          [0896000]        0.000
          [0897000]       15.600
          [0898000]        0.000
          [0899000]        0.000
          [0900000]       15.600
          [0901000]        0.000
          [0902000]       15.600
          [0903000]        0.000
          [0904000]       15.600
          [0905000]        0.000
          [0906000]        0.000
          [0907000]       15.600
          [0908000]        0.000
          [0909000]       15.601
          [0910000]        0.000
          [0911000]        0.000
          [0912000]       15.600
          [0913000]        0.000
          [0914000]       15.600
          [0915000]        0.000
          [0916000]       15.600
          [0917000]        0.000
          [0918000]       15.600
          [0919000]        0.000
          [0920000]       15.600
          [0921000]        0.000
          [0922000]       15.600
          [0923000]        0.000
          [0924000]       15.600
          [0925000]       15.600
          [0926000]        0.000
          [0927000]       15.600
          [0928000]        0.000
          [0929000]       15.600
          [0930000]        0.000
          [0931000]       15.600
          [0932000]        0.000
          [0933000]       15.600
          [0934000]        0.000
          [0935000]       15.600
          [0936000]        0.000
          [0937000]       15.600
          [0938000]        0.000
          [0939000]       15.600
          [0940000]        0.000
          [0941000]       15.600
          [0942000]        0.000
          [0943000]       15.600
          [0944000]       15.600
          [0945000]        0.000
          [0946000]       15.600
          [0947000]        0.000
          [0948000]       15.600
          [0949000]        0.000
          [0950000]       15.600
          [0951000]       15.600
          [0952000]        0.000
          [0953000]       15.600
          [0954000]        0.000
          [0955000]       15.600
          [0956000]       15.600
          [0957000]        0.000
          [0958000]       15.600
          [0959000]        0.000
          [0960000]       15.600
          [0961000]       15.600
          [0962000]        0.000
          [0963000]       15.600
          [0964000]       15.600
          [0965000]        0.000
          [0966000]       15.600
          [0967000]       15.600
          [0968000]       15.600
          [0969000]        0.000
          [0970000]       15.600
          [0971000]       15.600
          [0972000]        0.000
          [0973000]       15.601
          [0974000]       15.600
          [0975000]       15.600
          [0976000]        0.000
          [0977000]       15.600
          [0978000]       15.600
          [0979000]        0.000
          [0980000]       15.600
          [0981000]       15.600
          [0982000]        0.000
          [0983000]       15.600
          [0984000]       15.600
          [0985000]        0.000
          [0986000]       15.600
          [0987000]       15.600
          [0988000]       15.600
          [0989000]       15.600
          [0990000]        0.000
          [0991000]       15.600
          [0992000]       15.600
          [0993000]       15.600
          [0994000]       15.600
          [0995000]        0.000
          [0996000]       15.600
          [0997000]       15.600
          [0998000]       15.600
          [0999000]       15.600
          [1000000]        0.000
          [1001000]       15.600
          [1002000]       15.600
          [1003000]       15.600
          [1004000]       15.600
          [1005000]       15.600
          [1006000]       15.600
          [1007000]        0.000
          [1008000]       15.600
          [1009000]       15.600
          [1010000]       15.600
          [1011000]       15.600
          [1012000]       15.600
          [1013000]       15.600
          [1014000]        0.000
          [1015000]       15.600
          [1016000]       15.600
          [1017000]       15.600
          [1018000]       15.600
          [1019000]       15.601
          [1020000]       15.600
          [1021000]       15.600
          [1022000]       15.600
          [1023000]       15.600
          [1024000]       15.600
          [1025000]       15.600
          [1026000]        0.000
          [1027000]       15.600
          [1028000]       15.600
          [1029000]       31.200
          [1030000]       15.600
          [1031000]        0.000
          [1032000]       15.600
          [1033000]       15.600
          [1034000]       15.600
          [1035000]       15.600
          [1036000]       15.600
          [1037000]       31.200
          [1038000]       15.600
          [1039000]       15.600
          [1040000]       15.600
          [1041000]       15.600
          [1042000]       15.600
          [1043000]       15.600
          [1044000]       15.600
          [1045000]       15.600
          [1046000]       15.600
          [1047000]       15.600
          [1048000]       15.600
          [1049000]       15.600
          [1050000]       15.600
          [1051000]       31.200
          [1052000]       15.600
          [1053000]       15.600
          [1054000]       31.201
          [1055000]       15.600
          [1056000]       15.600
          [1057000]       15.600
          [1058000]       31.200
          [1059000]       15.600
          [1060000]       15.600
          [1061000]       15.600
          [1062000]       15.600
          [1063000]       31.200
          [1064000]       15.600
          [1065000]       15.600
          [1066000]       31.200
          [1067000]       15.600
          [1068000]       31.200
          [1069000]       15.600
          [1070000]       15.600
          [1071000]       31.200
          [1072000]       15.600
          [1073000]       31.200
          [1074000]       15.600
          [1075000]       31.200
          [1076000]       15.600
          [1077000]       31.200
          [1078000]       15.600
          [1079000]       31.200
          [1080000]       31.201
          [1081000]       15.600
          [1082000]       15.600
          [1083000]       31.200
          [1084000]       15.600
          [1085000]       31.200
          [1086000]       15.600
          [1087000]       31.200
          [1088000]       15.600
          [1089000]       31.200
          [1090000]       15.600
          [1091000]       31.200
          [1092000]       31.200
          [1093000]       15.600
          [1094000]       31.200
          [1095000]       15.600
          [1096000]       31.200
          [1097000]       15.600
          [1098000]       31.200
          [1099000]       31.200
          [1100000]       15.600
          [1101000]       31.200
          [1102000]       31.200
          [1103000]       31.201
          [1104000]       31.200
          [1105000]       15.600
          [1106000]       31.200
          [1107000]       31.200
          [1108000]       31.200
          [1109000]       15.600
          [1110000]       31.200
          [1111000]       31.200
          [1112000]       31.200
          [1113000]       31.200
          [1114000]       31.200
          [1115000]       31.200
          [1116000]       31.200
          [1117000]       15.600
          [1118000]       31.200
          [1119000]       31.200
          [1120000]       31.200
          [1121000]       31.200
          [1122000]       31.200
          [1123000]       31.201
          [1124000]       31.200
          [1125000]       31.200
          [1126000]       31.200
          [1127000]       31.200
          [1128000]       31.200
          [1129000]       31.200
          [1130000]       31.200
          [1131000]       31.200
          [1132000]       46.800
          [1133000]       31.200
          [1134000]       46.800
          [1135000]       31.200
          [1136000]       31.200
          [1137000]       46.800
          [1138000]       31.200
          [1139000]       31.200
          [1140000]       46.801
          [1141000]       46.800
          [1142000]       31.200
          [1143000]       31.200
          [1144000]       46.800
          [1145000]       31.200
          [1146000]       31.200
          [1147000]       46.800
          [1148000]       31.200
          [1149000]       31.200
          [1150000]       31.200
          [1151000]       46.800
          [1152000]       46.800
          [1153000]       31.200
          [1154000]       46.800
          [1155000]       46.801
          [1156000]       46.800
          [1157000]       31.200
          [1158000]       46.800
          [1159000]       31.200
          [1160000]       46.800
          [1161000]       46.800
          [1162000]       31.200
          [1163000]       46.800
          [1164000]       46.800
          [1165000]       46.800
          [1166000]       46.800
          [1167000]       46.800
          [1168000]       46.801
          [1169000]       46.800
          [1170000]       46.800
          [1171000]       46.800
          [1172000]       46.800
          [1173000]       46.800
          [1174000]       31.200
          [1175000]       46.800
          [1176000]       46.800
          [1177000]       46.800
          [1178000]       46.800
          [1179000]       46.800
          [1180000]       46.801
          [1181000]       46.800
          [1182000]       62.400
          [1183000]       31.200
          [1184000]       46.800
          [1185000]       46.800
          [1186000]       62.400
          [1186534]
[FIM]
