Rehashing 
[0000050]                      0.682
Rehashing 
[0000100]                      1.351
Rehashing 
[0000199]                      2.848
Rehashing 
[0000386]                      5.768
Rehashing 
[0000794]                     12.377
          [0000856]       37.140
Rehashing 
[0001565]                     23.712
          [0001696]       37.200
          [0002383]       13.544
Rehashing 
[0003140]                     47.242
          [0003431]       60.899
          [0004141]       13.453
          [0004782]       13.384
          [0005392]       11.592
Rehashing 
[0006293]                     79.840
          [0006865]       91.411
          [0007551]       11.768
          [0008244]       11.754
          [0008920]       11.814
          [0009556]       11.347
          [0010162]       11.766
          [0010747]       11.403
Rehashing 
[0012544]                    160.954
          [0012972]      172.915
          [0013688]       11.311
          [0014382]       11.535
          [0015106]       11.613
          [0015792]       11.516
          [0016479]       11.255
          [0017139]       11.715
          [0017807]       12.062
          [0018436]       11.659
          [0019061]       11.628
          [0019665]       11.796
          [0020263]       11.600
          [0020886]       11.548
          [0021477]       11.516
Rehashing 
[0025120]                    320.710
          [0025168]      332.623
          [0025925]       11.909
          [0026647]       11.559
          [0027373]       11.706
          [0028142]       11.501
          [0028887]       11.729
          [0029588]       11.520
          [0030294]       11.143
          [0031018]       11.826
          [0031729]       11.327
          [0032410]       11.577
          [0033083]       11.707
          [0033767]       11.470
          [0034435]       11.630
          [0035081]       11.497
          [0035720]       11.814
          [0036347]       11.680
          [0036988]       11.955
          [0037631]       11.622
          [0038233]       12.018
          [0038868]       11.714
          [0039495]       11.607
          [0040097]       11.798
          [0040702]       11.943
          [0041288]       11.701
          [0041887]       11.688
          [0042486]       11.937
          [0043076]       11.472
          [0043668]       11.425
Rehashing 
[0050291]                    639.497
          [0050545]      651.223
          [0051298]       11.819
          [0052059]       11.771
          [0052833]       11.765
          [0053580]       11.761
          [0054312]       11.694
          [0055043]       11.748
          [0055757]       11.731
          [0056494]       11.701
          [0057223]       11.738
          [0057945]       11.702
          [0058655]       11.858
          [0059345]       11.718
          [0060058]       11.674
          [0060747]       11.585
          [0061429]       11.835
          [0062136]       11.609
          [0062799]       11.844
          [0063489]       11.773
          [0064178]       11.653
          [0064875]       11.761
          [0065573]       11.363
          [0066219]       11.928
          [0066889]       11.534
          [0067564]       11.581
          [0068198]       11.659
          [0068849]       11.662
          [0069506]       11.944
          [0070167]       12.487
          [0070822]       11.879
          [0071475]       11.466
          [0072129]       11.879
          [0072771]       11.637
          [0073416]       11.924
          [0074041]       12.164
          [0074691]       11.701
          [0075320]       12.108
          [0075934]       12.001
          [0076568]       11.786
          [0077196]       11.755
          [0077836]       11.923
          [0078461]       11.318
          [0079047]       11.775
          [0079650]       11.644
          [0080251]       11.657
          [0080858]       11.651
          [0081465]       11.671
          [0082063]       11.960
          [0082681]       11.733
          [0083294]       11.731
          [0083922]       11.927
          [0084523]       11.871
          [0085114]       11.749
          [0085693]       11.578
          [0086263]       11.661
          [0086843]       11.589
          [0087436]       11.643
          [0088040]       11.857
Rehashing 
[0100093]                   1283.020
          [0100808]     1294.965
          [0101553]       11.962
          [0102288]       11.702
          [0103008]       11.876
          [0103738]       11.431
          [0104502]       11.629
          [0105251]       11.596
          [0105978]       11.482
          [0106728]       11.706
          [0107434]       11.682
          [0108176]       11.604
          [0108899]       11.561
          [0109619]       11.393
          [0110358]       11.485
          [0111096]       11.955
          [0111815]       11.636
          [0112547]       11.881
          [0113257]       11.600
          [0113948]       11.728
          [0114656]       11.698
          [0115373]       11.515
          [0116116]       11.732
          [0116810]       11.891
          [0117495]       11.814
          [0118197]       11.553
          [0118917]       11.792
          [0119601]       11.862
          [0120329]       11.692
          [0121025]       11.626
          [0121747]       11.648
          [0122454]       11.579
          [0123134]       11.666
          [0123831]       11.817
          [0124492]       11.593
          [0125174]       11.423
          [0125857]       11.581
          [0126520]       11.433
          [0127223]       11.557
          [0127895]       11.541
          [0128560]       11.740
          [0129250]       11.745
          [0129911]       11.794
          [0130559]       11.654
          [0131225]       11.796
          [0131907]       11.596
          [0132556]       11.866
          [0133212]       11.936
          [0133876]       11.837
          [0134545]       11.330
          [0135201]       11.712
          [0135839]       12.159
          [0136503]       11.592
          [0137165]       11.779
          [0137811]       11.463
          [0138481]       11.862
          [0139123]       11.766
          [0139783]       11.625
          [0140454]       11.678
          [0141113]       11.769
          [0141732]       11.490
          [0142393]       12.619
          [0143034]       12.090
          [0143683]       11.540
          [0144325]       11.637
          [0144938]       11.825
          [0145550]       11.547
          [0146173]       11.622
          [0146826]       11.680
          [0147448]       11.827
          [0148071]       11.816
          [0148692]       11.351
          [0149353]       11.932
          [0149995]       11.435
          [0150638]       11.662
          [0151246]       11.620
          [0151870]       11.558
          [0152471]       11.534
          [0153105]       11.562
          [0153693]       11.807
          [0154316]       11.958
          [0154948]       11.468
          [0155541]       11.696
          [0156163]       11.335
          [0156780]       11.875
          [0157402]       11.770
          [0157981]       11.451
          [0158606]       12.004
          [0159181]       11.638
          [0159778]       11.678
          [0160390]       11.801
          [0160962]       11.720
          [0161574]       11.455
          [0162171]       11.638
          [0162787]       11.764
          [0163381]       11.867
          [0163978]       11.748
          [0164567]       11.814
          [0165170]       11.689
          [0165752]       11.563
          [0166314]       11.774
          [0166949]       11.730
          [0167514]       11.652
          [0168123]       11.428
          [0168715]       11.744
          [0169306]       11.620
          [0169861]       11.877
          [0170438]       11.667
          [0171019]       11.628
          [0171586]       11.959
          [0172155]       11.941
          [0172715]       11.846
          [0173279]       11.857
          [0173849]       11.778
          [0174409]       11.912
          [0174971]       11.597
          [0175543]       11.896
          [0176082]       11.844
Rehashing 
[0197880]                   2583.739
          [0198530]     2595.583
          [0199260]       11.665
          [0199993]       11.579
          [0200718]       11.498
          [0201460]       11.813
          [0202155]       11.691
          [0202864]       11.810
          [0203577]       11.801
          [0204265]       11.531
          [0204992]       11.672
          [0205694]       11.638
          [0206412]       11.660
          [0207125]       11.664
          [0207868]       11.713
          [0208566]       11.953
          [0209294]       11.820
          [0209991]       11.425
          [0210682]       11.782
          [0211393]       11.830
          [0212108]       11.765
          [0212804]       11.646
          [0213491]       11.752
          [0214198]       11.999
          [0214882]       11.794
          [0215591]       11.851
          [0216285]       11.716
          [0216977]       11.594
          [0217668]       11.581
          [0218361]       12.316
          [0219050]       11.706
          [0219738]       11.314
          [0220438]       11.546
          [0221160]       11.804
          [0221873]       11.878
          [0222585]       11.548
          [0223242]       12.160
          [0223932]       11.363
          [0224596]       11.990
          [0225282]       12.351
          [0225979]       12.739
          [0226662]       12.903
          [0227350]       11.565
          [0228041]       12.051
          [0228716]       11.524
          [0229405]       11.875
          [0230088]       11.544
          [0230768]       11.847
          [0231427]       11.869
          [0232107]       11.819
          [0232758]       11.777
          [0233428]       11.764
          [0234112]       11.941
          [0234748]       11.617
          [0235418]       11.700
          [0236085]       11.617
          [0236743]       11.630
          [0237406]       11.656
          [0238068]       11.762
          [0238721]       11.528
          [0239389]       11.778
          [0240072]       11.815
          [0240726]       11.625
          [0241406]       11.759
          [0242056]       11.776
          [0242729]       11.715
          [0243398]       11.449
          [0244073]       11.734
          [0244717]       11.777
          [0245386]       11.609
          [0246054]       11.650
          [0246717]       11.725
          [0247385]       11.522
          [0248053]       11.684
          [0248715]       11.983
          [0249385]       11.577
          [0250056]       11.936
          [0250707]       11.697
          [0251340]       11.689
          [0252017]       11.902
          [0252681]       11.688
          [0253328]       11.376
          [0253986]       12.081
          [0254632]       11.998
          [0255271]       11.837
          [0255877]       11.359
          [0256503]       11.410
          [0257150]       11.458
          [0257819]       11.621
          [0258465]       11.839
          [0259115]       11.759
          [0259743]       11.802
          [0260421]       11.770
          [0261068]       11.639
          [0261718]       11.763
          [0262345]       12.047
          [0262961]       11.722
          [0263580]       11.834
          [0264202]       11.506
          [0264844]       11.636
          [0265479]       11.587
          [0266106]       11.533
          [0266748]       11.580
          [0267374]       11.717
          [0267997]       11.928
          [0268633]       11.542
          [0269252]       11.472
          [0269867]       11.916
          [0270488]       11.648
          [0271128]       11.837
          [0271750]       11.683
          [0272371]       11.815
          [0272985]       11.829
          [0273615]       12.002
          [0274260]       11.779
          [0274861]       11.696
          [0275484]       12.024
          [0276056]       11.610
          [0276693]       11.677
          [0277325]       11.667
          [0277966]       11.979
          [0278586]       11.819
          [0279208]       11.637
          [0279841]       12.804
          [0280452]       11.946
          [0281089]       12.151
          [0281694]       11.725
          [0282323]       11.579
          [0282927]       11.717
          [0283541]       11.748
          [0284155]       11.660
          [0284788]       11.661
          [0285415]       11.581
          [0286029]       11.452
          [0286624]       11.832
          [0287204]       11.574
          [0287820]       11.497
          [0288456]       11.986
          [0289051]       11.332
          [0289671]       11.482
          [0290276]       11.735
          [0290865]       11.416
          [0291467]       11.264
          [0292060]       11.744
          [0292658]       11.563
          [0293242]       11.959
          [0293846]       12.127
          [0294447]       11.804
          [0295046]       11.946
          [0295630]       11.538
          [0296211]       11.747
          [0296816]       11.953
          [0297423]       11.819
          [0298037]       11.989
          [0298642]       11.787
          [0299205]       11.750
          [0299791]       11.353
          [0300389]       11.742
          [0300971]       11.701
          [0301533]       11.540
          [0302122]       11.935
          [0302687]       11.700
          [0303309]       11.625
          [0303888]       11.933
          [0304477]       11.606
          [0305042]       11.464
          [0305618]       11.564
          [0306167]       11.764
          [0306773]       11.800
          [0307356]       11.446
          [0307959]       11.844
          [0308516]       11.664
          [0309085]       11.797
          [0309673]       11.599
          [0310267]       11.857
          [0310842]       11.675
          [0311414]       11.748
          [0311993]       11.788
          [0312586]       11.576
          [0313145]       11.802
          [0313698]       11.696
          [0314266]       11.479
          [0314832]       11.534
          [0315404]       11.827
          [0315981]       11.901
          [0316517]       11.720
          [0317118]       11.969
          [0317672]       11.933
          [0318236]       11.710
          [0318801]       11.794
          [0319398]       11.637
          [0319965]       11.730
          [0320526]       11.832
          [0321095]       11.583
          [0321629]       11.853
          [0322176]       11.585
          [0322740]       11.638
          [0323311]       11.520
          [0323858]       11.634
          [0324400]       11.776
          [0324939]       11.620
          [0325517]       11.658
          [0326072]       11.700
          [0326606]       11.927
          [0327154]       11.796
          [0327717]       11.640
          [0328258]       11.860
          [0328795]       11.490
          [0329318]       11.758
          [0329884]       11.758
          [0330449]       11.895
          [0330983]       11.848
          [0331522]       11.768
          [0332060]       11.795
          [0332590]       11.854
          [0333139]       11.903
          [0333674]       11.827
          [0334212]       11.881
          [0334770]       11.631
          [0335315]       11.812
          [0335849]       11.724
          [0336370]       11.487
          [0336884]       11.577
          [0337436]       11.531
          [0337970]       11.527
          [0338518]       11.678
          [0339078]       11.670
          [0339595]       11.814
          [0340109]       11.738
          [0340655]       11.787
          [0341195]       12.005
          [0341737]       11.707
          [0342258]       11.841
          [0342788]       11.690
          [0343350]       11.585
          [0343878]       11.933
          [0344419]       11.830
          [0344936]       11.785
          [0345452]       11.843
          [0345992]       11.675
          [0346506]       11.573
          [0347060]       11.766
          [0347567]       11.762
          [0348088]       11.790
          [0348613]       11.882
          [0349123]       11.747
          [0349638]       11.471
          [0350195]       11.718
          [0350709]       11.489
          [0351239]       11.565
          [0351753]       11.991
Rehashing 
[0372822]                   5365.683
          [0372826]     5377.798
          [0373408]       11.796
          [0373991]       11.583
          [0374574]       11.801
          [0375176]       11.744
          [0375773]       11.788
          [0376362]       11.879
          [0376952]       11.739
          [0377556]       11.907
          [0378143]       11.417
          [0378740]       11.586
          [0379329]       11.857
          [0379906]       11.811
          [0380503]       11.897
          [0381090]       12.794
          [0381653]       11.757
          [0382241]       11.246
          [0382797]       11.827
          [0383385]       11.507
          [0383964]       11.823
          [0384540]       11.612
          [0385111]       11.543
          [0385686]       11.650
          [0386251]       11.611
          [0386810]       11.782
          [0387390]       11.646
          [0387990]       11.514
          [0388558]       11.361
          [0389117]       11.735
          [0389690]       11.800
          [0390251]       11.315
          [0390818]       11.575
          [0391390]       11.547
          [0391965]       11.742
          [0392549]       11.825
          [0393107]       11.535
          [0393677]       11.582
          [0394215]       11.572
          [0394784]       11.676
          [0395374]       11.405
          [0395959]       11.449
          [0396525]       11.690
          [0397120]       11.907
          [0397677]       11.815
          [0398217]       11.690
          [0398759]       11.290
          [0399324]       11.731
          [0399893]       11.719
          [0400433]       11.774
          [0401004]       11.493
          [0401572]       11.948
          [0402143]       11.708
          [0402713]       11.922
          [0403267]       11.767
          [0403821]       11.948
          [0404377]       11.964
          [0404928]       11.744
          [0405486]       11.442
          [0406055]       11.824
          [0406617]       11.631
          [0407132]       11.621
          [0407679]       11.484
          [0408231]       11.866
          [0408755]       11.509
          [0409311]       11.782
          [0409852]       11.772
          [0410422]       11.467
          [0410992]       11.500
          [0411544]       11.271
          [0412094]       11.581
          [0412656]       11.733
          [0413183]       11.816
          [0413713]       11.544
          [0414262]       11.554
          [0414798]       11.509
          [0415350]       11.926
          [0415889]       11.556
          [0416432]       11.630
          [0417011]       11.449
          [0417559]       11.552
          [0418126]       11.858
          [0418675]       11.157
          [0419187]       11.617
          [0419732]       11.657
          [0420247]       11.869
          [0420797]       11.658
          [0421340]       12.088
          [0421896]       12.001
          [0422461]       11.456
          [0423006]       11.713
          [0423557]       11.818
          [0424110]       11.615
          [0424651]       11.238
          [0425225]       11.688
          [0425773]       11.896
          [0426292]       11.705
          [0426871]       11.722
          [0427396]       11.736
          [0427913]       11.495
          [0428458]       11.652
          [0429030]       11.554
          [0429577]       11.770
          [0430143]       11.461
          [0430689]       11.635
          [0431238]       11.510
          [0431775]       11.566
          [0432295]       11.301
          [0432851]       11.642
          [0433381]       11.747
          [0433919]       11.755
          [0434465]       11.655
          [0435012]       11.722
          [0435532]       11.744
          [0436053]       11.533
          [0436555]       11.660
          [0437068]       11.782
          [0437595]       11.455
          [0438115]       11.498
          [0438645]       11.720
          [0439188]       11.842
          [0439700]       11.604
          [0440214]       11.697
          [0440747]       11.745
          [0441317]       12.108
          [0441836]       11.702
          [0442346]       11.624
          [0442885]       11.854
          [0443389]       11.739
          [0443915]       11.395
          [0444468]       11.700
          [0444994]       11.616
          [0445504]       11.508
          [0446039]       11.534
          [0446561]       11.583
          [0447095]       11.753
          [0447638]       11.866
          [0448157]       12.015
          [0448684]       11.794
          [0449178]       11.819
          [0449696]       11.764
          [0450225]       11.701
          [0450762]       11.694
          [0451295]       11.599
          [0451780]       11.581
          [0452271]       11.535
          [0452793]       11.597
          [0453285]       11.731
          [0453822]       11.635
          [0454325]       11.626
          [0454828]       11.701
          [0455341]       11.852
          [0455849]       11.874
          [0456365]       11.683
          [0456882]       11.767
          [0457411]       11.560
          [0457921]       11.706
          [0458472]       11.843
          [0458993]       11.897
          [0459498]       11.573
          [0459973]       11.703
          [0460467]       11.773
          [0460974]       11.803
          [0461486]       11.503
          [0461993]       11.382
          [0462495]       11.533
          [0462988]       11.409
          [0463471]       11.423
          [0463969]       11.733
          [0464461]       11.762
          [0464959]       11.484
          [0465430]       11.851
          [0465921]       11.679
          [0466440]       11.888
          [0466923]       11.776
          [0467424]       11.648
          [0467925]       11.695
          [0468438]       11.578
          [0468934]       11.682
          [0469437]       11.692
          [0469918]       12.024
          [0470377]       11.784
          [0470908]       11.807
          [0471400]       11.932
          [0471919]       11.903
          [0472409]       11.849
          [0472922]       11.686
          [0473407]       11.779
          [0473902]       11.788
          [0474397]       11.459
          [0474903]       11.700
          [0475391]       11.699
          [0475885]       11.636
          [0476407]       12.028
          [0476917]       11.701
          [0477423]       12.088
          [0477903]       11.846
          [0478386]       11.575
          [0478858]       11.655
          [0479364]       12.167
          [0479870]       11.698
          [0480340]       11.501
          [0480846]       11.661
          [0481334]       11.837
          [0481831]       11.293
          [0482335]       11.719
          [0482848]       11.414
          [0483330]       11.621
          [0483786]       11.601
          [0484257]       11.798
          [0484734]       11.612
          [0485230]       11.867
          [0485715]       11.658
          [0486199]       11.765
          [0486680]       11.548
          [0487165]       11.653
          [0487639]       12.760
          [0488101]       11.796
          [0488589]       11.576
          [0489050]       11.443
          [0489512]       11.699
          [0490009]       12.053
          [0490485]       11.808
          [0490955]       11.729
          [0491414]       11.680
          [0491894]       11.628
          [0492348]       11.729
          [0492818]       11.730
          [0493291]       11.653
          [0493773]       11.530
          [0494246]       11.402
          [0494719]       11.769
          [0495184]       11.711
          [0495674]       11.452
          [0496156]       11.656
          [0496646]       11.671
          [0497129]       11.798
          [0497619]       11.765
          [0498084]       11.523
          [0498552]       11.960
          [0499056]       11.743
          [0499539]       11.745
          [0500019]       11.753
          [0500480]       11.751
          [0500935]       12.030
          [0501412]       11.817
          [0501850]       11.698
          [0502312]       11.517
          [0502797]       11.695
          [0503255]       11.751
          [0503716]       11.544
          [0504170]       11.674
          [0504655]       11.796
          [0505119]       11.701
          [0505555]       11.327
          [0506039]       11.811
          [0506501]       11.626
          [0506951]       11.476
          [0507387]       11.479
          [0507843]       11.958
          [0508318]       11.909
          [0508780]       11.669
          [0509246]       11.770
          [0509733]       11.820
          [0510222]       11.664
          [0510673]       11.463
          [0511104]       11.583
          [0511534]       11.636
          [0511985]       11.732
          [0512427]       11.632
          [0512878]       11.465
          [0513384]       11.557
          [0513863]       11.699
          [0514303]       11.935
          [0514757]       11.506
          [0515219]       11.700
          [0515672]       11.449
          [0516140]       11.940
          [0516591]       11.830
          [0517032]       11.689
          [0517489]       11.646
          [0517913]       11.744
          [0518394]       11.737
          [0518877]       11.653
          [0519314]       11.595
          [0519777]       11.641
          [0520198]       11.921
          [0520663]       11.762
          [0521125]       11.695
          [0521545]       11.813
          [0521996]       11.744
          [0522432]       11.588
          [0522906]       11.873
          [0523345]       11.574
          [0523778]       11.560
          [0524235]       11.388
          [0524687]       11.639
          [0525119]       11.901
          [0525559]       11.161
          [0525995]       11.552
          [0526439]       11.781
          [0526899]       11.685
          [0527354]       11.993
          [0527786]       11.677
          [0528207]       11.661
          [0528645]       11.724
          [0529086]       11.634
          [0529526]       11.615
          [0529933]       11.687
          [0530366]       11.750
          [0530820]       11.925
          [0531278]       11.560
          [0531722]       11.889
          [0532177]       11.336
          [0532613]       11.759
          [0533063]       11.561
          [0533478]       11.715
          [0533938]       11.806
          [0534368]       11.733
          [0534817]       11.687
          [0535257]       11.762
          [0535699]       11.888
          [0536154]       11.853
          [0536594]       11.739
          [0537049]       11.604
          [0537502]       11.773
          [0537944]       11.428
          [0538376]       11.454
          [0538806]       11.587
          [0539223]       11.682
          [0539660]       11.703
          [0540108]       11.569
          [0540510]       12.067
          [0540936]       11.921
          [0541366]       11.735
          [0541793]       11.737
          [0542228]       11.540
          [0542676]       11.539
          [0543103]       11.603
          [0543516]       11.659
          [0543966]       11.843
          [0544386]       11.664
          [0544827]       11.881
          [0545253]       11.962
          [0545649]       11.635
          [0546095]       11.734
          [0546528]       11.197
          [0546953]       11.430
          [0547351]       11.614
          [0547802]       11.525
          [0548196]       12.018
          [0548630]       11.791
          [0549030]       11.568
          [0549445]       11.678
          [0549874]       11.456
          [0550292]       11.670
          [0550684]       11.317
          [0551071]       11.667
          [0551523]       11.890
          [0551930]       11.668
          [0552366]       11.936
          [0552767]       11.722
          [0553187]       11.662
          [0553621]       11.664
          [0554049]       11.713
          [0554482]       11.557
          [0554909]       11.800
          [0555310]       11.570
          [0555720]       11.597
          [0556133]       11.489
          [0556547]       11.743
          [0556962]       11.750
          [0557374]       11.739
          [0557770]       11.751
          [0558187]       12.128
          [0558593]       11.320
          [0558999]       11.917
          [0559409]       11.829
          [0559821]       11.876
          [0560233]       11.602
          [0560661]       11.639
          [0561097]       11.512
          [0561473]       11.727
          [0561877]       11.677
          [0562287]       11.840
          [0562690]       11.525
          [0563128]       11.427
          [0563542]       11.707
          [0563938]       11.495
          [0564359]       11.838
          [0564775]       11.681
          [0565190]       11.906
          [0565626]       11.712
          [0566031]       11.904
          [0566457]       11.734
          [0566884]       11.736
          [0567284]       11.770
          [0567688]       11.331
          [0568083]       11.796
          [0568471]       11.743
          [0568883]       11.757
          [0569310]       11.526
          [0569720]       11.865
          [0570133]       11.918
          [0570550]       11.551
          [0570945]       11.539
          [0571361]       11.818
          [0571761]       11.907
          [0572176]       11.785
          [0572578]       11.947
          [0572993]       11.811
          [0573412]       11.764
          [0573786]       11.494
          [0574171]       11.732
          [0574579]       11.573
          [0574968]       11.804
          [0575386]       12.368
          [0575766]       11.563
          [0576173]       11.912
          [0576605]       11.685
          [0576988]       11.579
          [0577395]       11.898
          [0577786]       11.751
          [0578205]       11.699
          [0578596]       11.727
          [0578993]       11.732
          [0579397]       11.905
          [0579813]       11.781
          [0580187]       11.947
          [0580588]       11.496
          [0580989]       11.815
          [0581366]       11.696
          [0581789]       11.690
          [0582188]       11.980
          [0582593]       11.760
          [0582999]       11.787
          [0583374]       12.060
          [0583783]       11.721
          [0584177]       11.782
          [0584580]       11.714
          [0584980]       11.551
          [0585379]       12.023
          [0585779]       11.726
          [0586178]       11.823
          [0586554]       11.581
          [0586956]       11.644
          [0587354]       11.644
          [0587757]       11.812
          [0588166]       11.589
          [0588572]       11.735
          [0588967]       11.805
          [0589366]       12.010
          [0589748]       11.750
          [0590144]       11.745
          [0590551]       11.643
          [0590957]       11.723
          [0591353]       11.437
          [0591735]       11.783
          [0592119]       11.715
          [0592491]       11.538
          [0592905]       11.869
          [0593309]       11.819
          [0593711]       11.409
          [0594082]       11.599
          [0594484]       11.685
          [0594855]       11.833
          [0595243]       11.967
          [0595629]       11.826
          [0595995]       11.691
          [0596342]       11.994
          [0596732]       11.748
          [0597134]       11.668
          [0597516]       11.591
          [0597915]       11.294
          [0598315]       11.669
          [0598723]       11.747
          [0599114]       11.580
          [0599461]       11.997
          [0599840]       11.299
          [0600211]       11.814
          [0600609]       11.479
          [0600986]       11.752
          [0601372]       11.955
          [0601739]       11.447
          [0602116]       11.431
          [0602495]       11.900
          [0602857]       11.893
          [0603258]       11.747
          [0603628]       11.803
          [0604019]       11.806
          [0604395]       11.348
          [0604765]       11.780
          [0605122]       11.975
          [0605502]       11.607
          [0605869]       11.669
          [0606224]       11.577
          [0606582]       11.964
          [0606957]       11.349
          [0607373]       11.469
          [0607748]       11.732
          [0608125]       11.781
          [0608503]       11.600
          [0608848]       12.107
          [0609230]       11.612
          [0609602]       11.869
          [0609983]       11.887
          [0610362]       11.508
          [0610728]       11.532
          [0611105]       11.688
          [0611472]       11.639
          [0611829]       11.622
          [0612222]       11.417
          [0612593]       11.796
          [0612933]       11.592
          [0613319]       11.847
          [0613684]       11.821
          [0614062]       11.536
          [0614445]       11.746
          [0614822]       12.107
          [0615202]       11.934
          [0615561]       11.764
          [0615924]       11.515
          [0616316]       11.669
          [0616686]       11.797
          [0617027]       11.730
          [0617379]       11.808
          [0617756]       11.731
          [0618106]       11.400
          [0618464]       11.890
          [0618816]       11.596
          [0619190]       11.917
          [0619563]       11.842
          [0619897]       11.798
          [0620265]       11.853
          [0620639]       11.668
          [0620989]       11.774
          [0621337]       11.853
          [0621699]       11.992
          [0622083]       11.739
          [0622443]       11.637
          [0622830]       11.885
          [0623182]       11.788
          [0623548]       11.724
          [0623910]       11.809
          [0624278]       11.460
          [0624646]       11.763
          [0625008]       11.800
          [0625355]       11.749
          [0625689]       11.470
          [0626073]       11.784
          [0626426]       11.882
          [0626788]       11.770
          [0627166]       11.818
          [0627498]       11.763
          [0627871]       11.950
          [0628225]       11.527
          [0628589]       12.141
          [0628972]       11.705
          [0629335]       11.663
          [0629718]       11.709
          [0630099]       11.972
          [0630475]       11.893
          [0630851]       11.731
          [0631209]       11.556
          [0631533]       11.476
          [0631895]       11.826
          [0632241]       11.765
          [0632585]       12.114
          [0632955]       11.796
          [0633343]       11.767
          [0633718]       11.718
          [0634067]       11.683
          [0634396]       11.626
          [0634753]       11.711
          [0635114]       11.716
          [0635458]       11.864
          [0635833]       11.708
          [0636186]       11.931
          [0636566]       11.746
          [0636924]       11.849
          [0637281]       11.862
          [0637606]       11.466
          [0637955]       11.459
          [0638307]       11.579
          [0638662]       11.645
          [0639007]       11.370
          [0639356]       11.249
          [0639697]       11.836
          [0640050]       11.531
          [0640391]       11.980
          [0640754]       11.679
          [0641084]       11.628
          [0641406]       11.668
          [0641749]       11.750
          [0642105]       11.951
          [0642461]       11.635
          [0642808]       11.829
          [0643159]       11.597
          [0643523]       11.627
          [0643839]       11.787
          [0644170]       11.608
          [0644514]       11.916
          [0644889]       11.654
          [0645237]       12.067
          [0645585]       11.317
          [0645922]       11.809
          [0646268]       11.611
          [0646600]       11.596
          [0646928]       11.783
          [0647281]       11.396
          [0647651]       11.413
          [0647987]       11.287
          [0648341]       11.514
          [0648676]       11.499
          [0649037]       11.182
          [0649369]       11.476
          [0649715]       13.063
          [0650035]       11.740
          [0650383]       11.852
          [0650722]       11.392
          [0651049]       11.789
          [0651413]       11.862
          [0651779]       11.574
          [0652121]       11.675
          [0652459]       11.717
          [0652810]       11.748
          [0653143]       11.706
          [0653481]       11.482
          [0653785]       11.603
          [0654143]       11.741
          [0654507]       11.979
          [0654871]       11.685
          [0655185]       11.394
          [0655529]       11.619
          [0655873]       11.416
          [0656197]       11.684
          [0656526]       11.957
          [0656834]       11.651
          [0657183]       11.511
          [0657527]       12.044
          [0657847]       11.682
          [0658168]       11.645
          [0658478]       11.467
          [0658801]       11.755
          [0659118]       11.299
          [0659450]       11.582
          [0659800]       11.388
          [0660121]       11.504
          [0660462]       11.548
          [0660792]       11.926
          [0661112]       11.935
          [0661423]       11.568
          [0661767]       11.730
          [0662111]       11.923
          [0662481]       11.559
          [0662795]       11.783
          [0663143]       11.927
          [0663466]       11.967
          [0663805]       11.580
          [0664163]       11.936
          [0664529]       11.980
          [0664840]       11.775
          [0665187]       11.822
          [0665504]       11.345
          [0665829]       11.521
          [0666145]       11.542
          [0666475]       11.530
          [0666787]       11.617
          [0667105]       11.623
          [0667419]       11.500
          [0667744]       11.858
          [0668078]       11.844
          [0668406]       12.003
          [0668727]       11.944
          [0669054]       11.784
          [0669409]       11.594
          [0669727]       11.555
          [0670072]       11.740
          [0670386]       11.726
          [0670742]       11.482
          [0671089]       11.560
          [0671401]       11.668
          [0671735]       11.787
          [0672049]       11.306
          [0672357]       11.546
          [0672699]       11.905
          [0673036]       11.584
          [0673346]       11.981
          [0673669]       11.818
          [0673970]       11.580
          [0674304]       11.573
          [0674623]       11.870
          [0674916]       11.532
          [0675250]       11.397
          [0675572]       11.632
          [0675907]       11.623
          [0676245]       11.903
          [0676541]       11.700
          [0676841]       11.309
          [0677145]       11.592
          [0677470]       11.653
          [0677786]       11.505
          [0678135]       11.905
          [0678456]       12.055
          [0678758]       11.534
          [0678932]
[FIM]
